1642668754885928651 5.63405e-05 0 0 0 0 2.81703e-05 1
1642668754985413146 0.0100048 5.60501e-07 0 0 0 0.00500237 0.999987
1642668755085435376 0.0200065 0.000100629 0 0 0 0.0100033 0.99995
1642668755185437287 0.0300047 0.00030069 0 0 0 0.015003 0.999887
1642668755285436809 0.0400002 0.000600715 0 0 0 0.0200022 0.9998
1642668755385439511 0.0499924 0.00100069 0 0 0 0.0250011 0.999687
1642668755485434725 0.0599794 0.00150053 0 0 0 0.029999 0.99955
1642668755585439917 0.069962 0.00210027 0 0 0 0.0349966 0.999387
1642668755685442465 0.0799377 0.00279979 0 0 0 0.0399932 0.9992
1642668755785457412 0.0899072 0.00359914 0 0 0 0.0449894 0.998987
1642668755885397427 0.0998608 0.00449748 0 0 0 0.0499808 0.99875
1642668755985443973 0.109815 0.00549631 0 0 0 0.0549762 0.998488
1642668756085443585 0.119755 0.00659416 0 0 0 0.0599679 0.9982
1642668756185440341 0.129683 0.00779133 0 0 0 0.064958 0.997888
1642668756285440000 0.139598 0.00908774 0 0 0 0.0699466 0.997551
1642668756385442159 0.149501 0.0104833 0 0 0 0.0749335 0.997189
1642668756485394809 0.159384 0.011977 0 0 0 0.0799162 0.996802
1642668756585435007 0.16926 0.0135709 0 0 0 0.0849012 0.996389
1642668756685445181 0.179117 0.0152629 0 0 0 0.0898825 0.995952
1642668756785423708 0.188953 0.0170529 0 0 0 0.0948601 0.995491
1642668756885435423 0.198774 0.0189418 0 0 0 0.0998369 0.995004
1642668756985390926 0.208571 0.0209277 0 0 0 0.104808 0.994492
1642668757085457186 0.218357 0.0230137 0 0 0 0.109783 0.993956
1642668757185439402 0.228115 0.0251957 0 0 0 0.11475 0.993394
1642668757285433685 0.237851 0.0274754 0 0 0 0.119716 0.992808
1642668757385428795 0.247563 0.0298524 0 0 0 0.124678 0.992197
1642668757485426826 0.257252 0.0323264 0 0 0 0.129637 0.991561
1642668757585441598 0.266918 0.0348977 0 0 0 0.134594 0.990901
1642668757685445145 0.276556 0.0375651 0 0 0 0.139547 0.990215
1642668757785440546 0.286166 0.0403287 0 0 0 0.144496 0.989505
1642668757885435217 0.295748 0.0431881 0 0 0 0.149442 0.988771
1642668757985439019 0.305301 0.0461435 0 0 0 0.154384 0.988011
1642668758085439715 0.314825 0.0491942 0 0 0 0.159322 0.987227
1642668758185435978 0.324317 0.0523398 0 0 0 0.164256 0.986418
1642668758285455661 0.333779 0.0555809 0 0 0 0.169187 0.985584
1642668758385448329 0.343206 0.0589156 0 0 0 0.174112 0.984726
1642668758485439732 0.352599 0.0623444 0 0 0 0.179033 0.983843
1642668758585437071 0.361958 0.0658671 0 0 0 0.18395 0.982936
1642668758685442148 0.371281 0.0694835 0 0 0 0.188863 0.982004
1642668758785433336 0.380567 0.0731925 0 0 0 0.19377 0.981047
1642668758885434310 0.389816 0.0769944 0 0 0 0.198673 0.980066
1642668758985445160 0.399028 0.0808891 0 0 0 0.203571 0.97906
1642668759085442456 0.408199 0.0848752 0 0 0 0.208464 0.97803
1642668759185455348 0.417331 0.0889534 0 0 0 0.213352 0.976975
1642668759285434759 0.426418 0.0931213 0 0 0 0.218233 0.975897
1642668759385419083 0.435465 0.0973801 0 0 0 0.223109 0.974794
1642668759485442657 0.444471 0.101731 0 0 0 0.227981 0.973666
1642668759585443499 0.453432 0.10617 0 0 0 0.232847 0.972513
1642668759685464419 0.462349 0.1107 0 0 0 0.237707 0.971337
1642668759785442508 0.471217 0.115317 0 0 0 0.24256 0.970136
1642668759885444310 0.480041 0.120024 0 0 0 0.247408 0.968911
1642668759985440755 0.488816 0.124818 0 0 0 0.252249 0.967662
1642668760085445492 0.497544 0.1297 0 0 0 0.257084 0.966389
1642668760185444092 0.506222 0.134669 0 0 0 0.261913 0.965091
1642668760285439416 0.51485 0.139724 0 0 0 0.266735 0.96377
1642668760385440476 0.523427 0.144865 0 0 0 0.271551 0.962424
1642668760485444832 0.531952 0.150092 0 0 0 0.276359 0.961054
1642668760585436621 0.540424 0.155404 0 0 0 0.281161 0.959661
1642668760685447653 0.548844 0.160801 0 0 0 0.285956 0.958243
1642668760785445446 0.557208 0.166281 0 0 0 0.290744 0.956801
1642668760885437390 0.565517 0.171844 0 0 0 0.295524 0.955335
1642668760985443497 0.573771 0.177491 0 0 0 0.300297 0.953846
1642668761085463920 0.581969 0.183221 0 0 0 0.305063 0.952332
1642668761185437783 0.590106 0.18903 0 0 0 0.30982 0.950795
1642668761285444684 0.598186 0.194922 0 0 0 0.31457 0.949234
1642668761385435835 0.606207 0.200893 0 0 0 0.319312 0.94765
1642668761485444087 0.614168 0.206946 0 0 0 0.324047 0.946041
1642668761585457368 0.622069 0.213078 0 0 0 0.328773 0.944409
1642668761685439846 0.629906 0.219287 0 0 0 0.333491 0.942753
1642668761785442586 0.637682 0.225575 0 0 0 0.3382 0.941074
1642668761885420567 0.645392 0.231939 0 0 0 0.3429 0.939372
1642668761985443662 0.653042 0.238383 0 0 0 0.347594 0.937645
1642668762085396921 0.660622 0.244898 0 0 0 0.352276 0.935896
1642668762185399791 0.668141 0.251492 0 0 0 0.356951 0.934123
1642668762285443141 0.675596 0.258164 0 0 0 0.361619 0.932326
1642668762385446517 0.68298 0.264907 0 0 0 0.366276 0.930506
1642668762485436458 0.690297 0.271723 0 0 0 0.370924 0.928663
1642668762585393445 0.697542 0.278609 0 0 0 0.37556 0.926798
1642668762685445012 0.704725 0.285574 0 0 0 0.380192 0.924908
1642668762785432496 0.711833 0.292606 0 0 0 0.384811 0.922995
1642668762885436692 0.718871 0.29971 0 0 0 0.389422 0.92106
1642668762985438001 0.725839 0.306883 0 0 0 0.394022 0.919101
1642668763085446027 0.732734 0.314127 0 0 0 0.398613 0.917119
1642668763185453283 0.739557 0.321439 0 0 0 0.403194 0.915115
1642668763285444971 0.746305 0.328818 0 0 0 0.407764 0.913087
1642668763385440092 0.752979 0.336264 0 0 0 0.412324 0.911037
1642668763485444310 0.759579 0.343777 0 0 0 0.416874 0.908964
1642668763585433856 0.766103 0.351355 0 0 0 0.421413 0.906869
1642668763685446797 0.772552 0.358999 0 0 0 0.425943 0.90475
1642668763785435670 0.778923 0.366706 0 0 0 0.430461 0.902609
1642668763885448446 0.785217 0.374477 0 0 0 0.434969 0.900445
1642668763985436783 0.791433 0.38231 0 0 0 0.439465 0.898259
1642668764085440025 0.79757 0.390205 0 0 0 0.443951 0.896051
1642668764185397339 0.803626 0.398158 0 0 0 0.448424 0.893821
1642668764285437738 0.809607 0.406177 0 0 0 0.452889 0.891567
1642668764385394299 0.815502 0.414249 0 0 0 0.45734 0.889292
1642668764485403661 0.821319 0.422384 0 0 0 0.461781 0.886994
1642668764585421920 0.827055 0.430578 0 0 0 0.466211 0.884674
1642668764685444461 0.83271 0.438828 0 0 0 0.470629 0.882331
1642668764785447495 0.83828 0.447134 0 0 0 0.475035 0.879967
1642668764885398028 0.843764 0.45549 0 0 0 0.479427 0.877582
1642668764985400877 0.849167 0.463905 0 0 0 0.483809 0.875174
1642668765085401796 0.854486 0.472373 0 0 0 0.488179 0.872744
1642668765185398562 0.859719 0.480894 0 0 0 0.492536 0.870292
1642668765285425856 0.864869 0.489469 0 0 0 0.496883 0.867818
1642668765385440933 0.869932 0.498095 0 0 0 0.501216 0.865322
1642668765485458212 0.874908 0.50677 0 0 0 0.505537 0.862805
1642668765585429582 0.879796 0.515492 0 0 0 0.509844 0.860267
1642668765685445941 0.884598 0.524265 0 0 0 0.514139 0.857707
1642668765785423704 0.88931 0.533083 0 0 0 0.518421 0.855126
1642668765885416544 0.893934 0.541948 0 0 0 0.522689 0.852523
1642668765985392538 0.898469 0.550858 0 0 0 0.526944 0.8499
1642668766085464698 0.902919 0.559822 0 0 0 0.53119 0.847252
1642668766185401320 0.907273 0.568817 0 0 0 0.535417 0.844588
1642668766285453215 0.911542 0.577866 0 0 0 0.539636 0.841899
1642668766385441227 0.915717 0.586951 0 0 0 0.543838 0.83919
1642668766485397915 0.9198 0.596075 0 0 0 0.548025 0.836462
1642668766585434905 0.923795 0.605246 0 0 0 0.552202 0.83371
1642668766685398319 0.927695 0.614451 0 0 0 0.556362 0.83094
1642668766785430627 0.931505 0.6237 0 0 0 0.560511 0.828147
1642668766885444721 0.935222 0.632985 0 0 0 0.564646 0.825333
1642668766985401583 0.938844 0.642301 0 0 0 0.568764 0.822501
1642668767085394741 0.942374 0.651657 0 0 0 0.572869 0.819647
1642668767185393313 0.945811 0.661047 0 0 0 0.57696 0.816773
1642668767285451907 0.949155 0.670478 0 0 0 0.581039 0.813876
1642668767385437205 0.952402 0.679934 0 0 0 0.5851 0.810961
1642668767485439190 0.955556 0.689424 0 0 0 0.589148 0.808025
1642668767585391007 0.958612 0.698941 0 0 0 0.593179 0.805071
1642668767685381112 0.961575 0.708491 0 0 0 0.597196 0.802095
1642668767785427312 0.964443 0.718075 0 0 0 0.601201 0.799098
1642668767885462052 0.967215 0.727687 0 0 0 0.60519 0.796081
1642668767985450998 0.96989 0.737322 0 0 0 0.609163 0.793045
1642668768085394716 0.972467 0.746978 0 0 0 0.613118 0.789991
1642668768185436979 0.97495 0.756669 0 0 0 0.617062 0.786915
1642668768285438290 0.977334 0.766381 0 0 0 0.620989 0.783819
1642668768385437729 0.979622 0.776116 0 0 0 0.6249 0.780705
1642668768485439870 0.981812 0.785873 0 0 0 0.628796 0.77757
1642668768585423978 0.983904 0.79565 0 0 0 0.632675 0.774417
1642668768685401844 0.985898 0.805447 0 0 0 0.636539 0.771245
1642668768785448928 0.987795 0.81527 0 0 0 0.640389 0.768051
1642668768885451614 0.989593 0.825108 0 0 0 0.644221 0.764839
1642668768985432436 0.991292 0.83496 0 0 0 0.648036 0.761609
1642668769085439678 0.992894 0.844832 0 0 0 0.651837 0.758359
1642668769185433199 0.994396 0.854718 0 0 0 0.65562 0.755091
1642668769285442128 0.995799 0.86462 0 0 0 0.659388 0.751803
1642668769385438419 0.997103 0.874534 0 0 0 0.663138 0.748497
1642668769485444817 0.998308 0.884462 0 0 0 0.666873 0.745172
1642668769585440044 0.999414 0.8944 0 0 0 0.67059 0.741828
1642668769685433647 1.00042 0.904349 0 0 0 0.674291 0.738466
1642668769785447608 1.00133 0.914309 0 0 0 0.677975 0.735085
1642668769885436517 1.00213 0.924275 0 0 0 0.681642 0.731686
1642668769985439349 1.00284 0.934251 0 0 0 0.685291 0.728269
1642668770085479243 1.00345 0.944236 0 0 0 0.688926 0.724832
1642668770185397407 1.00396 0.954215 0 0 0 0.692538 0.721381
1642668770285449561 1.00436 0.964212 0 0 0 0.696138 0.717908
1642668770385441349 1.00467 0.974206 0 0 0 0.699719 0.714418
1642668770485425235 1.00488 0.984203 0 0 0 0.703282 0.710911
1642668770585438612 1.00499 0.994203 0 0 0 0.706828 0.707386
1642668770685444257 1.005 1.0042 0 0 0 0.710356 0.703842
1642668770785450290 1.0049 1.0142 0 0 0 0.713867 0.700282
1642668770885439621 1.00471 1.0242 0 0 0 0.717359 0.696704
1642668770985441319 1.00442 1.0342 0 0 0 0.720833 0.693108
1642668771085423112 1.00403 1.04419 0 0 0 0.724289 0.689496
1642668771185438469 1.00353 1.05418 0 0 0 0.727728 0.685866
1642668771285456757 1.00294 1.06416 0 0 0 0.731149 0.682218
1642668771385434689 1.00225 1.07414 0 0 0 0.73455 0.678554
1642668771485442266 1.00146 1.0841 0 0 0 0.737934 0.674873
1642668771585434461 1.00057 1.09406 0 0 0 0.741299 0.671175
1642668771685436804 0.999579 1.10402 0 0 0 0.744646 0.66746
1642668771785441121 0.998489 1.11396 0 0 0 0.747974 0.663728
1642668771885462360 0.997299 1.12389 0 0 0 0.751284 0.659979
1642668771985439326 0.996011 1.1338 0 0 0 0.754574 0.656216
1642668772085418237 0.994624 1.1437 0 0 0 0.757844 0.652435
1642668772185440094 0.993137 1.15359 0 0 0 0.761098 0.648637
1642668772285444287 0.991551 1.16347 0 0 0 0.764332 0.644823
1642668772385418367 0.989868 1.17332 0 0 0 0.767545 0.640995
1642668772485393382 0.988086 1.18316 0 0 0 0.77074 0.63715
1642668772585392305 0.986205 1.19298 0 0 0 0.773916 0.633288
1642668772685451959 0.984225 1.20279 0 0 0 0.777075 0.629409
1642668772785436172 0.982148 1.21257 0 0 0 0.780211 0.625516
1642668772885445683 0.979974 1.22233 0 0 0 0.78333 0.621607
1642668772985434333 0.977702 1.23207 0 0 0 0.786427 0.617683
1642668773085417969 0.975333 1.24178 0 0 0 0.789505 0.613744
1642668773185433416 0.972866 1.25147 0 0 0 0.792565 0.609788
1642668773285396084 0.970304 1.26114 0 0 0 0.795603 0.605819
1642668773385433870 0.967643 1.27078 0 0 0 0.798623 0.601832
1642668773485453868 0.964887 1.2804 0 0 0 0.801623 0.59783
1642668773585418328 0.962036 1.28998 0 0 0 0.804601 0.593816
1642668773685397530 0.959089 1.29953 0 0 0 0.807559 0.589787
1642668773785442586 0.956044 1.30906 0 0 0 0.810499 0.58574
1642668773885457465 0.952905 1.31856 0 0 0 0.813418 0.581679
1642668773985454325 0.949673 1.32802 0 0 0 0.816316 0.577605
1642668774085439785 0.946346 1.33745 0 0 0 0.819194 0.573517
1642668774185441794 0.942924 1.34684 0 0 0 0.822051 0.569414
1642668774285441390 0.939409 1.35621 0 0 0 0.824888 0.565296
1642668774385453790 0.935799 1.36553 0 0 0 0.827705 0.561164
1642668774485397137 0.9321 1.37482 0 0 0 0.830498 0.557021
1642668774585405930 0.928305 1.38407 0 0 0 0.833273 0.552861
1642668774685445069 0.924416 1.39329 0 0 0 0.836028 0.548686
1642668774785436088 0.920438 1.40246 0 0 0 0.838761 0.5445
1642668774885412073 0.916368 1.41159 0 0 0 0.841472 0.5403
1642668774985443567 0.912205 1.42069 0 0 0 0.844164 0.536085
1642668775085425941 0.907954 1.42974 0 0 0 0.846834 0.531858
1642668775185441618 0.903611 1.43875 0 0 0 0.849483 0.527616
1642668775285400260 0.89918 1.44771 0 0 0 0.852109 0.523364
1642668775385444624 0.894656 1.45663 0 0 0 0.854716 0.519095
1642668775485401083 0.890047 1.4655 0 0 0 0.8573 0.514817
1642668775585438594 0.885346 1.47433 0 0 0 0.859864 0.510522
1642668775685399605 0.880561 1.48311 0 0 0 0.862405 0.506218
1642668775785438021 0.875684 1.49184 0 0 0 0.864927 0.501898
1642668775885436061 0.870722 1.50052 0 0 0 0.867425 0.497568
1642668775985437398 0.865674 1.50916 0 0 0 0.869902 0.493224
1642668776085443300 0.860539 1.51774 0 0 0 0.872358 0.488868
1642668776185440788 0.855319 1.52627 0 0 0 0.874791 0.4845
1642668776285444523 0.850013 1.53474 0 0 0 0.877203 0.48012
1642668776385438188 0.844624 1.54317 0 0 0 0.879592 0.475729
1642668776485450144 0.83915 1.55154 0 0 0 0.88196 0.471324
1642668776585437249 0.833593 1.55985 0 0 0 0.884305 0.466909
1642668776685444513 0.827953 1.56811 0 0 0 0.886629 0.462481
1642668776785394848 0.822234 1.57631 0 0 0 0.888929 0.458045
1642668776885440457 0.816427 1.58445 0 0 0 0.891209 0.453592
1642668776985442228 0.810542 1.59254 0 0 0 0.893466 0.44913
1642668777085438071 0.804577 1.60056 0 0 0 0.895701 0.444658
1642668777185425873 0.798532 1.60853 0 0 0 0.897912 0.440174
1642668777285397424 0.792409 1.61643 0 0 0 0.900101 0.435681
1642668777385400402 0.786205 1.62427 0 0 0 0.902269 0.431174
1642668777485458218 0.779919 1.63206 0 0 0 0.904414 0.426655
1642668777585446243 0.773561 1.63977 0 0 0 0.906536 0.422128
1642668777685439184 0.767125 1.64743 0 0 0 0.908635 0.417591
1642668777785401497 0.760615 1.65501 0 0 0 0.910711 0.413044
1642668777885443976 0.754025 1.66254 0 0 0 0.912766 0.408483
1642668777985443709 0.747362 1.67 0 0 0 0.914797 0.403915
1642668778085446012 0.740624 1.67739 0 0 0 0.916805 0.399335
1642668778185393143 0.733817 1.68471 0 0 0 0.918789 0.394749
1642668778285453063 0.72693 1.69196 0 0 0 0.920752 0.390147
1642668778385431821 0.719976 1.69915 0 0 0 0.922691 0.38554
1642668778485449296 0.712947 1.70626 0 0 0 0.924608 0.380921
1642668778585440654 0.70585 1.71331 0 0 0 0.926501 0.376293
1642668778685445575 0.698681 1.72028 0 0 0 0.928371 0.371656
1642668778785435887 0.691445 1.72718 0 0 0 0.930217 0.36701
1642668778885444843 0.684138 1.73401 0 0 0 0.932041 0.362354
1642668778985449265 0.676764 1.74076 0 0 0 0.933841 0.357689
1642668779085446723 0.669323 1.74744 0 0 0 0.935618 0.353015
1642668779185440681 0.661815 1.75405 0 0 0 0.937371 0.348333
1642668779285453420 0.654241 1.76058 0 0 0 0.939101 0.343641
1642668779385444004 0.646604 1.76703 0 0 0 0.940807 0.338942
1642668779485443569 0.638901 1.77341 0 0 0 0.94249 0.334234
1642668779585434245 0.631136 1.77971 0 0 0 0.944149 0.329518
1642668779685445738 0.623307 1.78593 0 0 0 0.945785 0.324792
1642668779785401671 0.61542 1.79207 0 0 0 0.947397 0.320061
1642668779885450381 0.607465 1.79814 0 0 0 0.948986 0.315318
1642668779985442281 0.599454 1.80413 0 0 0 0.950551 0.310569
1642668780085439872 0.591384 1.81003 0 0 0 0.952092 0.305813
1642668780185440963 0.583254 1.81585 0 0 0 0.953609 0.301049
1642668780285446571 0.575066 1.8216 0 0 0 0.955102 0.296277
1642668780385445108 0.566822 1.82725 0 0 0 0.956572 0.291498
1642668780485447240 0.558521 1.83283 0 0 0 0.958017 0.286711
1642668780585437194 0.550166 1.83832 0 0 0 0.959439 0.281918
1642668780685431507 0.541756 1.84373 0 0 0 0.960836 0.277117
1642668780785405594 0.533294 1.84906 0 0 0 0.962209 0.272311
1642668780885435802 0.524775 1.8543 0 0 0 0.963559 0.267495
1642668780985411608 0.516208 1.85945 0 0 0 0.964884 0.262675
1642668781085441806 0.507585 1.86452 0 0 0 0.966186 0.257846
1642668781185435743 0.498915 1.86951 0 0 0 0.967463 0.253012
1642668781285438066 0.490195 1.8744 0 0 0 0.968716 0.248172
1642668781385399385 0.481431 1.87921 0 0 0 0.969944 0.243327
1642668781485458082 0.47261 1.88393 0 0 0 0.97115 0.238471
1642668781585396706 0.463752 1.88856 0 0 0 0.972329 0.233615
1642668781685444375 0.45484 1.89311 0 0 0 0.973486 0.228749
1642668781785432153 0.445887 1.89756 0 0 0 0.974617 0.223879
1642668781885444113 0.436889 1.90192 0 0 0 0.975724 0.219002
1642668781985451175 0.427847 1.9062 0 0 0 0.976807 0.214121
1642668782085439723 0.418765 1.91038 0 0 0 0.977865 0.209235
1642668782185487331 0.409636 1.91447 0 0 0 0.9789 0.20434
1642668782285449278 0.400475 1.91847 0 0 0 0.979909 0.199445
1642668782385444203 0.391271 1.92238 0 0 0 0.980894 0.194543
1642668782485440710 0.382028 1.9262 0 0 0 0.981854 0.189637
1642668782585434578 0.372748 1.92992 0 0 0 0.98279 0.184725
1642668782685449400 0.363429 1.93355 0 0 0 0.983702 0.179809
1642668782785438926 0.354077 1.93709 0 0 0 0.984588 0.174888
1642668782885393773 0.344693 1.94053 0 0 0 0.98545 0.169965
1642668782985441502 0.335266 1.94388 0 0 0 0.986288 0.165034
1642668783085451865 0.32581 1.94714 0 0 0 0.987101 0.1601
1642668783185437316 0.316324 1.9503 0 0 0 0.987889 0.155163
1642668783285433824 0.306806 1.95337 0 0 0 0.988652 0.150222
1642668783385433950 0.297257 1.95634 0 0 0 0.989391 0.145277
1642668783485387525 0.287684 1.95921 0 0 0 0.990105 0.14033
1642668783585437014 0.278073 1.96199 0 0 0 0.990794 0.135375
1642668783685449358 0.268438 1.96467 0 0 0 0.991459 0.130419
1642668783785440563 0.258779 1.96726 0 0 0 0.992099 0.125461
1642668783885445463 0.249093 1.96975 0 0 0 0.992714 0.120498
1642668783985440116 0.239384 1.97214 0 0 0 0.993304 0.115534
1642668784085436373 0.229652 1.97444 0 0 0 0.993869 0.110566
1642668784185439910 0.219896 1.97663 0 0 0 0.994409 0.105595
1642668784285414124 0.210121 1.97873 0 0 0 0.994925 0.100623
1642668784385374607 0.200328 1.98073 0 0 0 0.995415 0.0956491
1642668784485377002 0.19051 1.98264 0 0 0 0.995881 0.0906708
1642668784585415950 0.180671 1.98444 0 0 0 0.996322 0.0856884
1642668784685435897 0.170816 1.98615 0 0 0 0.996738 0.0807048
1642668784785434177 0.160946 1.98776 0 0 0 0.997129 0.0757202
1642668784885392452 0.151065 1.98927 0 0 0 0.997495 0.0707357
1642668784985442367 0.14116 1.99068 0 0 0 0.997836 0.0657448
1642668785085442581 0.131247 1.99199 0 0 0 0.998153 0.0607548
1642668785185433519 0.121321 1.99321 0 0 0 0.998444 0.0557638
1642668785285442372 0.111383 1.99432 0 0 0 0.99871 0.0507705
1642668785385396110 0.101439 1.99533 0 0 0 0.998952 0.0457786
1642668785485446971 0.0914757 1.99625 0 0 0 0.999168 0.0407808
1642668785585450424 0.0815086 1.99706 0 0 0 0.99936 0.0357843
1642668785685433830 0.0715358 1.99778 0 0 0 0.999526 0.0307879
1642668785785449328 0.0615532 1.9984 0 0 0 0.999667 0.0257891
1642668785885395698 0.0515719 1.99891 0 0 0 0.999784 0.0207931
1642668785985450247 0.0415751 1.99933 0 0 0 0.999875 0.0157912
1642668786085443157 0.0315808 1.99964 0 0 0 0.999942 0.010792
1642668786185439390 0.0215835 1.99986 0 0 0 0.999983 0.00579242
1642668786285401908 0.0115879 1.99997 0 0 0 1 0.000794367
1642668786385433559 0.00158477 1.99999 0 -0 0 0.999991 -0.00420717
1642668786485442350 -0.00841575 1.99991 0 -0 0 0.999958 -0.00920752
1642668786585449433 -0.0184148 1.99972 0 -0 0 0.999899 -0.0142075
1642668786685432837 -0.0284091 1.99944 0 -0 0 0.999816 -0.019206
1642668786785440378 -0.0384024 1.99905 0 -0 0 0.999707 -0.0242052
1642668786885438929 -0.0483906 1.99857 0 -0 0 0.999573 -0.0292032
1642668786985415044 -0.0583711 1.99799 0 -0 0 0.999415 -0.0341995
1642668787085457875 -0.068352 1.9973 0 -0 0 0.999231 -0.0391983
1642668787185448896 -0.0783204 1.99652 0 -0 0 0.999023 -0.0441935
1642668787285454891 -0.0882819 1.99564 0 -0 0 0.99879 -0.0491884
1642668787385449988 -0.0982331 1.99465 0 -0 0 0.998531 -0.0541814
1642668787485432674 -0.108173 1.99357 0 -0 0 0.998248 -0.0591725
1642668787585429913 -0.118102 1.99239 0 -0 0 0.997939 -0.0641629
1642668787685424087 -0.128019 1.99111 0 -0 0 0.997606 -0.0691515
1642668787785449523 -0.137926 1.98973 0 -0 0 0.997248 -0.07414
1642668787885439828 -0.147815 1.98825 0 -0 0 0.996865 -0.0791248
1642668787985454075 -0.157692 1.98667 0 -0 0 0.996457 -0.0841088
1642668788085435092 -0.167548 1.985 0 -0 0 0.996024 -0.0890891
1642668788185436227 -0.17739 1.98322 0 -0 0 0.995566 -0.0940682
1642668788285443245 -0.187213 1.98135 0 -0 0 0.995083 -0.0990451
1642668788385442069 -0.197017 1.97938 0 -0 0 0.994575 -0.104019
1642668788485408058 -0.206797 1.97731 0 -0 0 0.994043 -0.108989
1642668788585392024 -0.216558 1.97514 0 -0 0 0.993486 -0.113957
1642668788685444354 -0.226303 1.97288 0 -0 0 0.992903 -0.118926
1642668788785399365 -0.236016 1.97052 0 -0 0 0.992296 -0.123887
1642668788885422156 -0.245711 1.96806 0 -0 0 0.991664 -0.128848
1642668788985433848 -0.255381 1.9655 0 -0 0 0.991008 -0.133805
1642668789085398848 -0.265019 1.96285 0 -0 0 0.990327 -0.138756
1642668789185443037 -0.274638 1.9601 0 -0 0 0.98962 -0.143709
1642668789285425947 -0.284224 1.95726 0 -0 0 0.988889 -0.148654
1642668789385438631 -0.293783 1.95432 0 -0 0 0.988134 -0.153597
1642668789485443452 -0.303311 1.95128 0 -0 0 0.987353 -0.158536
1642668789585433723 -0.312808 1.94815 0 -0 0 0.986548 -0.16347
1642668789685441339 -0.322274 1.94493 0 -0 0 0.985718 -0.168401
1642668789785433525 -0.331706 1.94161 0 -0 0 0.984864 -0.173328
1642668789885440284 -0.341106 1.93819 0 -0 0 0.983985 -0.17825
1642668789985437427 -0.35047 1.93468 0 -0 0 0.983082 -0.183168
1642668790085436306 -0.359799 1.93108 0 -0 0 0.982154 -0.188081
1642668790185435171 -0.369092 1.92739 0 -0 0 0.981201 -0.192989
1642668790285436985 -0.378347 1.9236 0 -0 0 0.980224 -0.197893
1642668790385423614 -0.387562 1.91972 0 -0 0 0.979222 -0.202791
1642668790485440039 -0.396741 1.91575 0 -0 0 0.978196 -0.207685
1642668790585437472 -0.405878 1.91169 0 -0 0 0.977145 -0.212573
1642668790685459576 -0.414977 1.90753 0 -0 0 0.97607 -0.217457
1642668790785438213 -0.424029 1.90329 0 -0 0 0.974971 -0.222334
1642668790885448764 -0.433041 1.89895 0 -0 0 0.973847 -0.227206
1642668790985400325 -0.442005 1.89453 0 -0 0 0.972699 -0.232071
1642668791085453678 -0.450932 1.89001 0 -0 0 0.971526 -0.236934
1642668791185451224 -0.459809 1.88541 0 -0 0 0.970329 -0.241788
1642668791285439522 -0.468639 1.88072 0 -0 0 0.969108 -0.246636
1642668791385439163 -0.477422 1.87594 0 -0 0 0.967863 -0.251479
1642668791485433029 -0.486157 1.87107 0 -0 0 0.966593 -0.256314
1642668791585436477 -0.494843 1.86611 0 -0 0 0.9653 -0.261144
1642668791685436466 -0.503479 1.86107 0 -0 0 0.963982 -0.265967
1642668791785433605 -0.512064 1.85594 0 -0 0 0.96264 -0.270784
1642668791885458584 -0.5206 1.85073 0 -0 0 0.961274 -0.275595
1642668791985433805 -0.529079 1.84543 0 -0 0 0.959884 -0.280397
1642668792085432348 -0.537506 1.84005 0 -0 0 0.95847 -0.285193
1642668792185435455 -0.54588 1.83458 0 -0 0 0.957032 -0.289981
1642668792285433412 -0.554198 1.82903 0 -0 0 0.95557 -0.294763
1642668792385439759 -0.562461 1.8234 0 -0 0 0.954085 -0.299537
1642668792485428671 -0.570665 1.81768 0 -0 0 0.952575 -0.304303
1642668792585382696 -0.57881 1.81189 0 -0 0 0.951042 -0.30906
1642668792685387020 -0.5869 1.80601 0 -0 0 0.949485 -0.313812
1642668792785449140 -0.594935 1.80005 0 -0 0 0.947903 -0.318558
1642668792885415020 -0.602903 1.79401 0 -0 0 0.946299 -0.323292
1642668792985439065 -0.610814 1.78789 0 -0 0 0.944671 -0.328021
1642668793085433131 -0.618662 1.78169 0 -0 0 0.943019 -0.33274
1642668793185441744 -0.626448 1.77542 0 -0 0 0.941343 -0.337451
1642668793285441248 -0.634171 1.76906 0 -0 0 0.939644 -0.342154
1642668793385398591 -0.641826 1.76264 0 -0 0 0.937922 -0.346845
1642668793485452409 -0.649424 1.75613 0 -0 0 0.936175 -0.351533
1642668793585438068 -0.656952 1.74954 0 -0 0 0.934406 -0.356209
1642668793685451041 -0.664415 1.74289 0 -0 0 0.932613 -0.360877
1642668793785440778 -0.671809 1.73616 0 -0 0 0.930797 -0.365535
1642668793885439957 -0.679137 1.72935 0 -0 0 0.928958 -0.370185
1642668793985438765 -0.686396 1.72247 0 -0 0 0.927096 -0.374825
1642668794085439884 -0.693587 1.71552 0 -0 0 0.92521 -0.379456
1642668794185422530 -0.700706 1.7085 0 -0 0 0.923301 -0.384076
1642668794285454100 -0.707758 1.70141 0 -0 0 0.921369 -0.388689
1642668794385434855 -0.714735 1.69425 0 -0 0 0.919414 -0.39329
1642668794485435993 -0.721641 1.68702 0 -0 0 0.917436 -0.397883
1642668794585440088 -0.728475 1.67971 0 -0 0 0.915435 -0.402465
1642668794685406783 -0.735233 1.67235 0 -0 0 0.913412 -0.407036
1642668794785440018 -0.741922 1.66491 0 -0 0 0.911365 -0.411599
1642668794885439591 -0.748534 1.65741 0 -0 0 0.909296 -0.416151
1642668794985401353 -0.755068 1.64984 0 -0 0 0.907204 -0.42069
1642668795085437844 -0.76153 1.64221 0 -0 0 0.905089 -0.425223
1642668795185452075 -0.767915 1.63451 0 -0 0 0.902951 -0.429744
1642668795285441618 -0.774221 1.62675 0 -0 0 0.900791 -0.434252
1642668795385399588 -0.780447 1.61893 0 -0 0 0.89861 -0.438749
1642668795485426085 -0.786598 1.61104 0 -0 0 0.896404 -0.443238
1642668795585441505 -0.79267 1.60309 0 -0 0 0.894176 -0.447715
1642668795685389541 -0.798658 1.59509 0 -0 0 0.891928 -0.452178
1642668795785440147 -0.804572 1.58702 0 -0 0 0.889655 -0.456634
1642668795885438581 -0.810401 1.5789 0 -0 0 0.88736 -0.461077
1642668795985437339 -0.816149 1.57071 0 -0 0 0.885044 -0.465508
1642668796085434810 -0.821815 1.56247 0 -0 0 0.882705 -0.469927
1642668796185444768 -0.827399 1.55418 0 -0 0 0.880344 -0.474335
1642668796285439270 -0.832899 1.54583 0 -0 0 0.877962 -0.47873
1642668796385436581 -0.838315 1.53742 0 -0 0 0.875557 -0.483114
1642668796485393586 -0.843645 1.52896 0 -0 0 0.873132 -0.487484
1642668796585418672 -0.848893 1.52045 0 -0 0 0.870683 -0.491845
1642668796685460500 -0.854057 1.51188 0 -0 0 0.868212 -0.496194
1642668796785480035 -0.859134 1.50326 0 -0 0 0.865719 -0.50053
1642668796885441102 -0.864122 1.4946 0 -0 0 0.863207 -0.50485
1642668796985440542 -0.869024 1.48588 0 -0 0 0.860672 -0.50916
1642668797085441457 -0.873839 1.47712 0 -0 0 0.858115 -0.513457
1642668797185441550 -0.878567 1.46831 0 -0 0 0.855537 -0.517741
1642668797285462556 -0.883206 1.45945 0 -0 0 0.852937 -0.522013
1642668797385439261 -0.887755 1.45054 0 -0 0 0.850317 -0.52627
1642668797485436288 -0.892216 1.44159 0 -0 0 0.847675 -0.530515
1642668797585435417 -0.896587 1.4326 0 -0 0 0.845012 -0.534747
1642668797685443919 -0.900868 1.42356 0 -0 0 0.842328 -0.538966
1642668797785451998 -0.905059 1.41448 0 -0 0 0.839622 -0.543171
1642668797885433338 -0.909158 1.40536 0 -0 0 0.836896 -0.547361
1642668797985443385 -0.913166 1.3962 0 -0 0 0.834149 -0.551539
1642668798085439057 -0.917082 1.387 0 -0 0 0.831381 -0.555703
1642668798185433710 -0.920905 1.37776 0 -0 0 0.828592 -0.559853
1642668798285446260 -0.924637 1.36848 0 -0 0 0.825782 -0.563989
1642668798385440369 -0.928275 1.35917 0 -0 0 0.822952 -0.568111
1642668798485439655 -0.93182 1.34982 0 -0 0 0.820101 -0.572218
1642668798585432026 -0.935271 1.34043 0 -0 0 0.81723 -0.576311
1642668798685436868 -0.938629 1.33101 0 -0 0 0.814338 -0.580391
1642668798785440467 -0.941892 1.32156 0 -0 0 0.811426 -0.584455
1642668798885447239 -0.94506 1.31207 0 -0 0 0.808493 -0.588505
1642668798985450675 -0.948134 1.30256 0 -0 0 0.805541 -0.59254
1642668799085436567 -0.951111 1.29301 0 -0 0 0.802568 -0.59656
1642668799185439938 -0.953994 1.28343 0 -0 0 0.799575 -0.600566
1642668799285438251 -0.95678 1.27383 0 -0 0 0.796563 -0.604556
1642668799385432861 -0.95947 1.2642 0 -0 0 0.79353 -0.608531
1642668799485440253 -0.962064 1.25454 0 -0 0 0.790477 -0.612491
1642668799585433235 -0.964561 1.24486 0 -0 0 0.787405 -0.616436
1642668799685395940 -0.96696 1.23515 0 -0 0 0.784314 -0.620363
1642668799785432144 -0.969264 1.22542 0 -0 0 0.781202 -0.624279
1642668799885440201 -0.97147 1.21567 0 -0 0 0.77807 -0.628177
1642668799985454888 -0.973578 1.20589 0 -0 0 0.774919 -0.63206
1642668800085434773 -0.975587 1.19609 0 -0 0 0.77175 -0.635926
1642668800185438879 -0.9775 1.18628 0 -0 0 0.768561 -0.639777
1642668800285436801 -0.979313 1.17644 0 -0 0 0.765352 -0.643612
1642668800385439613 -0.981028 1.16659 0 -0 0 0.762125 -0.64743
1642668800485439687 -0.982645 1.15672 0 -0 0 0.758878 -0.651233
1642668800585432181 -0.984163 1.14684 0 -0 0 0.755612 -0.655019
1642668800685452499 -0.985582 1.13694 0 -0 0 0.752327 -0.65879
1642668800785412430 -0.986902 1.12703 0 -0 0 0.749025 -0.662542
1642668800885440346 -0.988123 1.1171 0 -0 0 0.745702 -0.666279
1642668800985442857 -0.989244 1.10717 0 -0 0 0.742361 -0.67
1642668801085434314 -0.990266 1.09722 0 -0 0 0.739002 -0.673703
1642668801185427190 -0.991189 1.08726 0 -0 0 0.735625 -0.677389
1642668801285448909 -0.992012 1.07729 0 -0 0 0.732228 -0.681059
1642668801385445278 -0.992735 1.06732 0 -0 0 0.728814 -0.684712
1642668801485436794 -0.993358 1.05734 0 -0 0 0.725381 -0.688347
1642668801585437456 -0.993882 1.04736 0 -0 0 0.72193 -0.691966
1642668801685438923 -0.994305 1.03736 0 -0 0 0.718462 -0.695567
1642668801785433527 -0.994629 1.02737 0 -0 0 0.714975 -0.69915
1642668801885430584 -0.994853 1.01737 0 -0 0 0.71147 -0.702716
1642668801985440700 -0.994977 1.00737 0 -0 0 0.707948 -0.706265
1642668802085432932 -0.995 0.997373 0 -0 0 0.704408 -0.709796
1642668802185427911 -0.994924 0.987374 0 -0 0 0.70085 -0.713309
1642668802285442538 -0.994748 0.977374 0 -0 0 0.697274 -0.716804
1642668802385435684 -0.994472 0.967378 0 -0 0 0.693682 -0.720282
1642668802485420849 -0.994096 0.957387 0 -0 0 0.690072 -0.72374
1642668802585438875 -0.99362 0.947396 0 -0 0 0.686444 -0.727182
1642668802685439445 -0.993044 0.937413 0 -0 0 0.6828 -0.730605
1642668802785435843 -0.992368 0.927436 0 -0 0 0.679138 -0.73401
1642668802885449529 -0.991593 0.917465 0 -0 0 0.675459 -0.737397
1642668802985448958 -0.990718 0.907503 0 -0 0 0.671764 -0.740765
1642668803085444669 -0.989743 0.897551 0 -0 0 0.668052 -0.744115
1642668803185442111 -0.988669 0.887609 0 -0 0 0.664323 -0.747445
1642668803285436126 -0.987495 0.877679 0 -0 0 0.660578 -0.750757
1642668803385441085 -0.986223 0.86776 0 -0 0 0.656816 -0.754051
1642668803485434099 -0.984851 0.857855 0 -0 0 0.653037 -0.757326
1642668803585442249 -0.98338 0.847963 0 -0 0 0.649242 -0.760582
1642668803685439811 -0.98181 0.838087 0 -0 0 0.645431 -0.763818
1642668803785436292 -0.980142 0.828228 0 -0 0 0.641604 -0.767036
1642668803885469115 -0.978375 0.818382 0 -0 0 0.63776 -0.770235
1642668803985441647 -0.97651 0.80856 0 -0 0 0.633902 -0.773413
1642668804085443579 -0.974546 0.798755 0 -0 0 0.630027 -0.776573
1642668804185433258 -0.972485 0.78897 0 -0 0 0.626137 -0.779713
1642668804285436613 -0.970326 0.779206 0 -0 0 0.62223 -0.782834
1642668804385449611 -0.968069 0.769462 0 -0 0 0.618308 -0.785936
1642668804485436604 -0.965716 0.759745 0 -0 0 0.614371 -0.789017
1642668804585445535 -0.963265 0.750049 0 -0 0 0.610418 -0.79208
1642668804685426955 -0.960717 0.740381 0 -0 0 0.60645 -0.795121
1642668804785434487 -0.958073 0.730736 0 -0 0 0.602467 -0.798144
1642668804885441197 -0.955332 0.721118 0 -0 0 0.598469 -0.801146
1642668804985438953 -0.952495 0.711529 0 -0 0 0.594455 -0.804129
1642668805085431470 -0.949563 0.70197 0 -0 0 0.590428 -0.807091
1642668805185440841 -0.946535 0.692438 0 -0 0 0.586385 -0.810033
1642668805285435450 -0.943412 0.682939 0 -0 0 0.582327 -0.812954
1642668805385415804 -0.940195 0.673473 0 -0 0 0.578256 -0.815855
1642668805485460668 -0.936881 0.664033 0 -0 0 0.574168 -0.818738
1642668805585403578 -0.933476 0.654636 0 -0 0 0.570069 -0.821597
1642668805685442516 -0.929974 0.645265 0 -0 0 0.565953 -0.824438
1642668805785443451 -0.92638 0.635933 0 -0 0 0.561823 -0.827257
1642668805885451204 -0.922693 0.626637 0 -0 0 0.55768 -0.830056
1642668805985441500 -0.918913 0.61738 0 -0 0 0.553523 -0.832834
1642668806085440818 -0.915041 0.60816 0 -0 0 0.549352 -0.835591
1642668806185435527 -0.911077 0.59898 0 -0 0 0.545167 -0.838327
1642668806285402739 -0.907022 0.589843 0 -0 0 0.54097 -0.841042
1642668806385403235 -0.902875 0.580743 0 -0 0 0.536758 -0.843736
1642668806485399020 -0.898638 0.571686 0 -0 0 0.532533 -0.846409
1642668806585440457 -0.894308 0.562667 0 -0 0 0.528293 -0.849062
1642668806685438025 -0.88989 0.553696 0 -0 0 0.524041 -0.851693
1642668806785443313 -0.885382 0.544769 0 -0 0 0.519775 -0.854303
1642668806885450143 -0.880785 0.535888 0 -0 0 0.515497 -0.856891
1642668806985404236 -0.876102 0.527057 0 -0 0 0.511208 -0.859457
1642668807085406676 -0.871328 0.51827 0 -0 0 0.506904 -0.862002
1642668807185453457 -0.866465 0.509527 0 -0 0 0.502586 -0.864527
1642668807285396125 -0.86152 0.500842 0 -0 0 0.49826 -0.867028
1642668807385428550 -0.856484 0.492199 0 -0 0 0.493917 -0.869509
1642668807485443466 -0.851362 0.483608 0 -0 0 0.489563 -0.871968
1642668807585439155 -0.846156 0.475071 0 -0 0 0.485197 -0.874405
1642668807685423240 -0.840865 0.466587 0 -0 0 0.48082 -0.87682
1642668807785398286 -0.83549 0.458157 0 -0 0 0.476431 -0.879212
1642668807885403973 -0.830029 0.449779 0 -0 0 0.472028 -0.881583
1642668807985440299 -0.824483 0.441454 0 -0 0 0.467613 -0.883933
1642668808085427487 -0.818857 0.433188 0 -0 0 0.463188 -0.88626
1642668808185441220 -0.813147 0.424977 0 -0 0 0.45875 -0.888565
1642668808285440649 -0.807356 0.416824 0 -0 0 0.454302 -0.890848
1642668808385452456 -0.801484 0.408729 0 -0 0 0.449842 -0.893108
1642668808485423863 -0.795532 0.400696 0 -0 0 0.445372 -0.895346
1642668808585405722 -0.789501 0.392722 0 -0 0 0.44089 -0.897561
1642668808685454529 -0.783385 0.384804 0 -0 0 0.436395 -0.899755
1642668808785438069 -0.777195 0.376952 0 -0 0 0.431891 -0.901926
1642668808885450364 -0.770925 0.369161 0 -0 0 0.427376 -0.904074
1642668808985442561 -0.764578 0.361434 0 -0 0 0.42285 -0.9062
1642668809085443813 -0.758154 0.35377 0 -0 0 0.418314 -0.908303
1642668809185426678 -0.751655 0.346172 0 -0 0 0.413768 -0.910382
1642668809285438577 -0.745079 0.338637 0 -0 0 0.40921 -0.91244
1642668809385399166 -0.73843 0.331173 0 -0 0 0.404645 -0.914474
1642668809485483323 -0.731699 0.323766 0 -0 0 0.400064 -0.916487
1642668809585437484 -0.724903 0.316436 0 -0 0 0.395478 -0.918475
1642668809685395917 -0.718034 0.309174 0 -0 0 0.390883 -0.92044
1642668809785442261 -0.711087 0.301975 0 -0 0 0.386274 -0.922384
1642668809885460535 -0.70407 0.294848 0 -0 0 0.381656 -0.924304
1642668809985455391 -0.696983 0.287793 0 -0 0 0.37703 -0.926201
1642668810085444280 -0.689827 0.28081 0 -0 0 0.372395 -0.928074
1642668810185423310 -0.682602 0.273899 0 -0 0 0.367751 -0.929924
1642668810285481197 -0.675303 0.267056 0 -0 0 0.363094 -0.931752
1642668810385491545 -0.667939 0.260289 0 -0 0 0.35843 -0.933557
1642668810485453676 -0.660511 0.253599 0 -0 0 0.35376 -0.935336
1642668810585470538 -0.653013 0.24698 0 -0 0 0.349078 -0.937094
1642668810685487627 -0.645449 0.240436 0 -0 0 0.344387 -0.938828
1642668810785456463 -0.637823 0.233972 0 -0 0 0.33969 -0.940537
1642668810885431762 -0.630133 0.227584 0 -0 0 0.334985 -0.942224
1642668810985438055 -0.622376 0.221271 0 -0 0 0.330269 -0.943887
1642668811085398899 -0.614561 0.215039 0 -0 0 0.325547 -0.945526
1642668811185480171 -0.606674 0.208877 0 -0 0 0.320812 -0.947143
1642668811285421505 -0.598737 0.202804 0 -0 0 0.316075 -0.948734
1642668811385399657 -0.590737 0.196808 0 -0 0 0.311328 -0.950302
1642668811485404637 -0.582675 0.19089 0 -0 0 0.306573 -0.951847
1642668811585403187 -0.574555 0.185054 0 -0 0 0.30181 -0.953368
1642668811685400689 -0.566377 0.1793 0 -0 0 0.297039 -0.954865
1642668811785401285 -0.558142 0.173627 0 -0 0 0.292261 -0.956339
1642668811885409251 -0.549849 0.168036 0 -0 0 0.287475 -0.957788
1642668811985472597 -0.541497 0.162526 0 -0 0 0.28268 -0.959214
1642668812085453944 -0.533097 0.157104 0 -0 0 0.277881 -0.960616
1642668812185458495 -0.524641 0.151765 0 -0 0 0.273074 -0.961993
1642668812285435968 -0.516134 0.146512 0 -0 0 0.268262 -0.963346
1642668812385445082 -0.507572 0.141343 0 -0 0 0.263442 -0.964675
1642668812485415944 -0.498963 0.136262 0 -0 0 0.258616 -0.96598
1642668812585404062 -0.490302 0.131266 0 -0 0 0.253784 -0.967261
1642668812685433781 -0.481587 0.126355 0 -0 0 0.248943 -0.968518
1642668812785400628 -0.47283 0.121535 0 -0 0 0.244099 -0.96975
1642668812885403101 -0.464021 0.1168 0 -0 0 0.239247 -0.970959
1642668812985404155 -0.455166 0.112154 0 -0 0 0.234389 -0.972143
1642668813085440355 -0.446261 0.107596 0 -0 0 0.229524 -0.973303
1642668813185449246 -0.437314 0.103127 0 -0 0 0.224654 -0.974439
1642668813285438982 -0.428324 0.0987495 0 -0 0 0.21978 -0.97555
1642668813385437754 -0.419291 0.0944614 0 -0 0 0.214899 -0.976636
1642668813485412049 -0.410217 0.0902649 0 -0 0 0.210015 -0.977698
1642668813585416418 -0.401098 0.0861581 0 -0 0 0.205123 -0.978736
1642668813685406850 -0.391941 0.0821433 0 -0 0 0.200228 -0.979749
1642668813785403321 -0.382743 0.07822 0 -0 0 0.195326 -0.980738
1642668813885408808 -0.373505 0.0743885 0 -0 0 0.19042 -0.981703
1642668813985400772 -0.364231 0.07065 0 -0 0 0.18551 -0.982642
1642668814085448036 -0.354915 0.0670025 0 -0 0 0.180592 -0.983558
1642668814185409671 -0.345571 0.0634514 0 -0 0 0.175674 -0.984448
1642668814285417337 -0.336187 0.0599923 0 -0 0 0.170749 -0.985315
1642668814385428841 -0.32677 0.0566271 0 -0 0 0.16582 -0.986156
1642668814485403803 -0.317322 0.0533575 0 -0 0 0.160888 -0.986973
1642668814585408364 -0.307839 0.0501815 0 -0 0 0.155951 -0.987765
1642668814685427645 -0.298324 0.0471 0 -0 0 0.151009 -0.988532
1642668814785399814 -0.288782 0.0441153 0 -0 0 0.146066 -0.989275
1642668814885398661 -0.279209 0.0412253 0 -0 0 0.141118 -0.989993
1642668814985410205 -0.269606 0.0384309 0 -0 0 0.136166 -0.990686
1642668815085410417 -0.259977 0.0357329 0 -0 0 0.131211 -0.991355
1642668815185449773 -0.250318 0.0331304 0 -0 0 0.12625 -0.991998
1642668815285447644 -0.240637 0.0306257 0 -0 0 0.121289 -0.992617
1642668815385405612 -0.230935 0.0282188 0 -0 0 0.116326 -0.993211
1642668815485398641 -0.221206 0.0259082 0 -0 0 0.111359 -0.99378
1642668815585395708 -0.211455 0.023695 0 -0 0 0.106389 -0.994325
1642668815685440663 -0.201677 0.0215783 0 -0 0 0.101414 -0.994844
1642668815785406466 -0.191886 0.0195612 0 -0 0 0.0964401 -0.995339
1642668815885402580 -0.182072 0.0176414 0 -0 0 0.0914623 -0.995809
1642668815985440955 -0.172236 0.0158192 0 -0 0 0.0864801 -0.996254
1642668816085445263 -0.162385 0.014096 0 -0 0 0.0814977 -0.996674
1642668816185422782 -0.15252 0.0124718 0 -0 0 0.0765144 -0.997068
1642668816285401618 -0.142639 0.0109463 0 -0 0 0.0715292 -0.997439
1642668816385398711 -0.132742 0.00951945 0 -0 0 0.0665413 -0.997784
1642668816485402527 -0.12283 0.00819152 0 -0 0 0.0615514 -0.998104
1642668816585442546 -0.112902 0.00696234 0 -0 0 0.0565581 -0.998399
1642668816685405843 -0.102969 0.0058334 0 -0 0 0.0515672 -0.99867
1642668816785406456 -0.0930223 0.00480342 0 -0 0 0.0465731 -0.998915
1642668816885402201 -0.0830661 0.00387301 0 -0 0 0.0415781 -0.999135
1642668816985401788 -0.0731007 0.00304217 0 -0 0 0.0365821 -0.999331
1642668817085457003 -0.063122 0.00231061 0 -0 0 0.0315823 -0.999501
1642668817185433261 -0.0531443 0.00167943 0 -0 0 0.0265855 -0.999647
1642668817285429662 -0.0431588 0.00114793 0 -0 0 0.021587 -0.999767
1642668817385428409 -0.0331682 0.000716293 0 -0 0 0.0165881 -0.999862
1642668817485436102 -0.023173 0.000384552 0 -0 0 0.0115882 -0.999933
1642668817585404995 -0.0131788 0.000152875 0 -0 0 0.00658999 -0.999978
1642668817685435651 -0.00317656 2.10376e-05 0 -0 0 0.00158849 -0.999999
1642668817785407753 0.0068206 -1.07234e-05 0 0 -0 -0.00341018 -0.999994
1642668817885403115 0.0168199 5.74766e-05 0 0 -0 -0.00840997 -0.999965
1642668817985404642 0.0268186 0.000225673 0 0 -0 -0.0134098 -0.99991
1642668818085440345 0.0368186 0.00049394 0 0 -0 -0.0184109 -0.999831
1642668818185437138 0.0468115 0.000862084 0 0 -0 -0.0234097 -0.999726
1642668818285405460 0.0567974 0.00133 0 0 -0 -0.0284065 -0.999596
1642668818385441074 0.0667848 0.0018981 0 0 -0 -0.0334059 -0.999442
1642668818485436033 0.076762 0.00256581 0 0 -0 -0.0384023 -0.999262
1642668818585441891 0.0867331 0.00333334 0 0 -0 -0.0433984 -0.999058
1642668818685408172 0.0966921 0.0042002 0 0 -0 -0.0483914 -0.998828
1642668818785404940 0.106645 0.00516686 0 0 -0 -0.0533848 -0.998574
1642668818885445711 0.116592 0.00623347 0 0 -0 -0.058379 -0.998294
1642668818985424948 0.126522 0.00739881 0 0 -0 -0.0633686 -0.99799
1642668819085406963 0.13644 0.00866341 0 0 -0 -0.0683569 -0.997661
1642668819185407459 0.146346 0.0100274 0 0 -0 -0.0733444 -0.997307
1642668819285417618 0.15624 0.0114904 0 0 -0 -0.0783306 -0.996927
1642668819385404203 0.166116 0.013052 0 0 -0 -0.0833137 -0.996523
1642668819485395111 0.175976 0.0147124 0 0 -0 -0.0882949 -0.996094
1642668819585431497 0.185824 0.016472 0 0 -0 -0.093276 -0.99564
1642668819685443689 0.195651 0.0183296 0 0 -0 -0.0982536 -0.995161
1642668819785405337 0.205454 0.0202844 0 0 -0 -0.103226 -0.994658
1642668819885460326 0.215246 0.022339 0 0 -0 -0.108201 -0.994129
1642668819985390810 0.225005 0.0244889 0 0 -0 -0.113167 -0.993576
1642668820085448402 0.234755 0.026739 0 0 -0 -0.118136 -0.992997
1642668820185444167 0.244475 0.029085 0 0 -0 -0.123099 -0.992394
1642668820285456149 0.254173 0.0315286 0 0 -0 -0.12806 -0.991766
1642668820385446253 0.263844 0.0340685 0 0 -0 -0.133017 -0.991114
1642668820485395606 0.273486 0.0367038 0 0 -0 -0.137968 -0.990437
1642668820585413761 0.283107 0.0394373 0 0 -0 -0.14292 -0.989734
1642668820685447825 0.292701 0.0422673 0 0 -0 -0.147868 -0.989007
1642668820785445669 0.302264 0.0451921 0 0 -0 -0.152811 -0.988255
1642668820885429286 0.311795 0.0482119 0 0 -0 -0.15775 -0.987479
1642668820985443336 0.321299 0.0513279 0 0 -0 -0.162686 -0.986678
1642668821085443464 0.33077 0.0545382 0 0 -0 -0.167617 -0.985852
1642668821185428744 0.340206 0.0578427 0 0 -0 -0.172544 -0.985002
1642668821285451636 0.349613 0.0612426 0 0 -0 -0.177468 -0.984127
1642668821385454492 0.358983 0.0647357 0 0 -0 -0.182386 -0.983227
1642668821485459614 0.368319 0.0683224 0 0 -0 -0.1873 -0.982303
1642668821585439713 0.377615 0.0720014 0 0 -0 -0.192208 -0.981354
1642668821685440037 0.386876 0.0757739 0 0 -0 -0.197113 -0.980381
1642668821785467468 0.396102 0.0796399 0 0 -0 -0.202013 -0.979383
1642668821885432233 0.405282 0.0835954 0 0 -0 -0.206906 -0.978361
1642668821985446300 0.414427 0.0876446 0 0 -0 -0.211796 -0.977314
1642668822085431810 0.423529 0.0917838 0 0 -0 -0.216679 -0.976243
1642668822185453393 0.432592 0.0960153 0 0 -0 -0.221558 -0.975147
1642668822285456161 0.44161 0.100336 0 0 -0 -0.226432 -0.974027
1642668822385437632 0.450583 0.104747 0 0 -0 -0.231298 -0.972883
1642668822485433136 0.459513 0.109247 0 0 -0 -0.236159 -0.971714
1642668822585400406 0.468395 0.113835 0 0 -0 -0.241013 -0.970522
1642668822685438618 0.477236 0.118515 0 0 -0 -0.245865 -0.969304
1642668822785438827 0.486027 0.123281 0 0 -0 -0.250709 -0.968063
1642668822885429936 0.494769 0.128135 0 0 -0 -0.255545 -0.966797
1642668822985421562 0.503462 0.133076 0 0 -0 -0.260376 -0.965507
1642668823085436176 0.512108 0.138104 0 0 -0 -0.265201 -0.964193
1642668823185446535 0.520702 0.143219 0 0 -0 -0.270019 -0.962855
1642668823285436146 0.529243 0.148418 0 0 -0 -0.274829 -0.961493
1642668823385416713 0.537731 0.153702 0 0 -0 -0.279632 -0.960107
1642668823485393742 0.546165 0.159071 0 0 -0 -0.284428 -0.958697
1642668823585395896 0.554547 0.164524 0 0 -0 -0.289218 -0.957263
1642668823685430196 0.562877 0.170063 0 0 -0 -0.294003 -0.955805
1642668823785434616 0.571149 0.175684 0 0 -0 -0.298778 -0.954323
1642668823885409894 0.579361 0.181385 0 0 -0 -0.303545 -0.952817
1642668823985407370 0.587518 0.187169 0 0 -0 -0.308305 -0.951288
1642668824085428807 0.595619 0.193036 0 0 -0 -0.313058 -0.949734
1642668824185399105 0.603657 0.198981 0 0 -0 -0.317802 -0.948157
1642668824285432674 0.611639 0.205009 0 0 -0 -0.32254 -0.946556
1642668824385399970 0.619556 0.211114 0 0 -0 -0.327267 -0.944932
1642668824485392358 0.627413 0.217298 0 0 -0 -0.331988 -0.943284
1642668824585397412 0.635209 0.223561 0 0 -0 -0.3367 -0.941612
1642668824685379675 0.642941 0.229901 0 0 -0 -0.341403 -0.939917
1642668824785433916 0.650614 0.236322 0 0 -0 -0.346101 -0.938197
1642668824885429784 0.658218 0.242816 0 0 -0 -0.350788 -0.936455
1642668824985400529 0.665754 0.249384 0 0 -0 -0.355464 -0.93469
1642668825085430136 0.67323 0.256031 0 0 -0 -0.360135 -0.9329
1642668825185400287 0.680633 0.262749 0 0 -0 -0.364793 -0.931089
1642668825285400677 0.687972 0.269542 0 0 -0 -0.369444 -0.929253
1642668825385450292 0.695246 0.276411 0 0 -0 -0.374088 -0.927393
1642668825485458652 0.702448 0.283351 0 0 -0 -0.378721 -0.925511
1642668825585462347 0.709579 0.290361 0 0 -0 -0.383343 -0.923606
1642668825685437044 0.716638 0.29744 0 0 -0 -0.387955 -0.921678
1642668825785431276 0.723628 0.304591 0 0 -0 -0.392559 -0.919727
1642668825885435023 0.730546 0.311813 0 0 -0 -0.397152 -0.917753
1642668825985431600 0.737391 0.319102 0 0 -0 -0.401736 -0.915755
1642668826085472500 0.744166 0.326463 0 0 -0 -0.406312 -0.913735
1642668826185435560 0.750862 0.333885 0 0 -0 -0.410874 -0.911692
1642668826285442209 0.757486 0.341378 0 0 -0 -0.415427 -0.909626
1642668826385446398 0.764035 0.348936 0 0 -0 -0.41997 -0.907538
1642668826485489921 0.77051 0.356562 0 0 -0 -0.424505 -0.905426
1642668826585394407 0.7769 0.364242 0 0 -0 -0.429022 -0.903294
