1647016228.471669979 -0.0362503 -0.000736714 0.66631 -0.0120112 0.0115372 -0.013496 0.99977
1647016228.552472082 -0.0381198 -0.00256357 0.666303 -0.0116357 0.0113991 -0.0131491 0.999781
1647016228.634504185 -0.0369178 -0.00173072 0.66581 -0.011594 0.0113831 -0.0133836 0.999778
1647016228.714867281 -0.0268086 -0.00926946 0.660097 -0.00970952 0.0108429 -0.0121449 0.99982
1647016228.798208429 -0.0259328 -0.0113441 0.66234 -0.0100661 0.0113971 -0.0115184 0.999818
1647016228.880195382 -0.0248162 -0.0115478 0.660835 -0.0099015 0.0111489 -0.0115266 0.999822
1647016228.963244688 -0.023282 -0.0121321 0.657637 -0.0111439 0.0104912 -0.0109848 0.999823
1647016229.046975661 -0.0221813 -0.0140393 0.661874 -0.00965092 0.0115609 -0.0109885 0.999826
1647016229.129220581 -0.0230744 -0.0147005 0.658295 -0.0117742 0.0106242 -0.0101375 0.999823
1647016229.209450858 -0.0225528 -0.0147692 0.66102 -0.00975392 0.0113419 -0.0108019 0.99983
1647016229.294856411 -0.020848 -0.00778847 0.661444 -0.0100718 0.0115705 -0.0123777 0.999806
1647016229.377698881 -0.0210017 -0.016199 0.660769 -0.00954442 0.0113882 -0.0104958 0.999835
1647016229.461080671 -0.0183719 -0.00837224 0.657798 -0.0118086 0.0108751 -0.0116931 0.999803
1647016229.540137051 -0.0171405 -0.010199 0.664129 -0.0109456 0.0124399 -0.011507 0.999796
1647016229.619507581 -0.0187922 -0.00709626 0.659131 -0.0128761 0.0111231 -0.0116737 0.999787
1647016229.701064238 -0.0164725 -0.0137186 0.660086 -0.00991733 0.0115602 -0.0109675 0.999824
1647016229.781807213 -0.0167887 -0.014193 0.658737 -0.0111118 0.0111879 -0.010464 0.999821
1647016229.860056491 -0.0170606 -0.014973 0.659291 -0.00940891 0.0113459 -0.0108197 0.999833
1647016229.941154570 -0.0174208 -0.0176289 0.66025 -0.00859633 0.0115562 -0.0104325 0.999842
1647016230.015916487 -0.0178084 -0.0163576 0.659187 -0.00946247 0.0112768 -0.0104582 0.999837
1647016230.094570159 -0.0181643 -0.00471909 0.654844 -0.0109327 0.0104009 -0.0134329 0.999796
1647016230.175682538 -0.0157351 -0.00505463 0.666274 -0.0119871 0.0127913 -0.0120803 0.999773
1647016230.255418264 -0.017778 0.00872517 0.662654 -0.0100332 0.0122943 -0.0143274 0.999771
1647016230.335585813 -0.0125643 0.0165596 0.665008 -0.0118148 0.0129123 -0.0136079 0.999754
1647016230.418364070 -0.0146639 0.0200027 0.657624 -0.00951413 0.0113891 -0.0133715 0.9998
1647016230.500605998 -0.0156354 0.0293525 0.661117 -0.0125859 0.0118911 -0.0133523 0.999761
1647016230.581336426 -0.0143745 0.0368122 0.659344 -0.00965157 0.0119167 -0.013442 0.999792
1647016230.661128234 -0.00974973 0.0561559 0.657796 -0.0120069 0.0120652 -0.0161558 0.999725
1647016230.738253872 -0.00737377 0.0621413 0.663238 -0.012011 0.0127127 -0.0151995 0.999732
1647016230.821229414 -0.00893123 0.066997 0.660005 -0.0125483 0.0121629 -0.0145332 0.999742
1647016230.904259555 -0.0127229 0.0705797 0.66618 -0.0098357 0.0127533 -0.0141692 0.99977
1647016230.983681138 -0.00533586 0.0903114 0.663389 -0.0126211 0.0132786 -0.0165133 0.999696
1647016231.064785512 -0.00866636 0.087737 0.659365 -0.0110216 0.0123137 -0.0148207 0.999754
1647016231.142652577 -0.00803243 0.10113 0.659458 -0.0106027 0.0114055 -0.0159758 0.999751
1647016231.224750730 -0.00275502 0.101838 0.658499 -0.00959146 0.0114529 -0.0147383 0.99978
1647016231.303974381 -0.00693192 0.104439 0.658294 -0.00981692 0.0109536 -0.0130679 0.999806
1647016231.388911073 -0.00159882 0.122048 0.660794 -0.0105061 0.0120126 -0.0156862 0.99975
1647016231.469137871 -0.00429794 0.132606 0.666597 -0.0103935 0.0128081 -0.0162157 0.999732
1647016231.552471634 0.00159765 0.1336 0.664332 -0.0104024 0.0125694 -0.0149499 0.999755
1647016231.632139823 0.00526921 0.143457 0.665281 -0.00961726 0.0128717 -0.0162789 0.999738
1647016231.713178720 0.00360735 0.142823 0.666477 -0.00728298 0.0128384 -0.0147094 0.999783
1647016231.793313931 0.0068361 0.153108 0.656975 -0.0104772 0.0114534 -0.0147273 0.999771
1647016231.871070670 0.00927435 0.16757 0.670339 -0.00947636 0.0142699 -0.0164314 0.999718
1647016231.949801638 0.00987996 0.169041 0.659094 -0.0106577 0.011407 -0.0148449 0.999768
1647016232.032683765 0.0102157 0.177622 0.66363 -0.0099554 0.0123106 -0.0156514 0.999752
1647016232.113307986 0.0108966 0.193516 0.660629 -0.0115087 0.0112624 -0.0169934 0.999726
1647016232.194847907 0.016009 0.190089 0.663674 -0.00946051 0.012678 -0.0151954 0.999759
1647016232.273340829 0.0182663 0.20251 0.658186 -0.0105741 0.0112298 -0.0157292 0.999757
1647016232.354041991 0.0183898 0.208579 0.668815 -0.0109948 0.0132959 -0.0155391 0.99973
1647016232.438629682 0.019256 0.217965 0.657655 -0.0111286 0.0105561 -0.0164574 0.999747
1647016232.518381467 0.0219162 0.220212 0.665994 -0.010098 0.0122964 -0.0151421 0.999759
1647016232.599217706 0.0222721 0.227713 0.660221 -0.0096105 0.0112769 -0.0155224 0.99977
1647016232.674801602 0.0296014 0.233913 0.660231 -0.0113377 0.0116071 -0.0145958 0.999762
1647016232.756222222 0.027842 0.24358 0.662503 -0.00872312 0.0112891 -0.0161152 0.999768
1647016232.843449375 0.0323373 0.242448 0.668667 -0.009197 0.0128937 -0.013455 0.999784
1647016232.924966603 0.0314658 0.258332 0.658171 -0.0105542 0.0100407 -0.0157038 0.999771
1647016233.005215779 0.0293004 0.267254 0.6635 -0.00981316 0.0112001 -0.0157018 0.999766
1647016233.084405380 0.0379811 0.261097 0.66243 -0.00845894 0.0111901 -0.0134777 0.999811
1647016233.164447407 0.0357882 0.271779 0.666358 -0.0099859 0.0117619 -0.0139444 0.999784
1647016233.247706760 0.0421394 0.27998 0.662328 -0.00993209 0.0113364 -0.0141335 0.999787
1647016233.329072103 0.0475007 0.285104 0.665933 -0.0103522 0.0121311 -0.0140638 0.999774
1647016233.407695849 0.0508511 0.290293 0.665285 -0.00994296 0.0122666 -0.0133667 0.999786
1647016233.485054424 0.0512856 0.296539 0.668527 -0.00917545 0.0128558 -0.0138424 0.999779
1647016233.571391232 0.0516329 0.298007 0.663982 -0.00950516 0.0113292 -0.0126427 0.999811
1647016233.649875990 0.0525212 0.307947 0.667035 -0.00834212 0.0117926 -0.0133738 0.999806
1647016233.733859935 0.0632023 0.315805 0.659774 -0.00869865 0.0106318 -0.0144124 0.999802
1647016233.818724148 0.055934 0.318622 0.671569 -0.00904022 0.0125417 -0.0123033 0.999805
1647016233.903545283 0.0664975 0.325499 0.661514 -0.00966299 0.0112991 -0.0128503 0.999807
1647016233.984466544 0.0731604 0.336831 0.661963 -0.00891373 0.0113762 -0.014448 0.999791
1647016234.063927470 0.0715551 0.334698 0.661656 -0.00847005 0.0110135 -0.0126916 0.999823
1647016234.143093495 0.0743512 0.346006 0.661059 -0.0100198 0.0111006 -0.0132055 0.999801
1647016234.222040959 0.0833308 0.351638 0.661246 -0.00912565 0.0112014 -0.0140005 0.999798
1647016234.301320697 0.0802535 0.353029 0.665854 -0.00783074 0.0118559 -0.013117 0.999813
1647016234.387894031 0.0804951 0.351408 0.664116 -0.0090163 0.0115553 -0.0105381 0.999837
1647016234.469288519 0.0864247 0.360699 0.667816 -0.00760549 0.0124234 -0.012272 0.999819
1647016234.548361639 0.0948487 0.371959 0.665441 -0.00818145 0.0123422 -0.013423 0.9998
1647016234.629461766 0.0881449 0.365976 0.668305 -0.00710922 0.0121239 -0.0108299 0.999843
1647016234.707705727 0.0905107 0.370468 0.66953 -0.0058516 0.0117509 -0.0107411 0.999856
1647016234.787430740 0.0948703 0.373149 0.668561 -0.00586308 0.0118767 -0.0103587 0.999859
1647016234.872114290 0.105967 0.381312 0.663194 -0.00926587 0.0119053 -0.0108853 0.999827
1647016234.952111044 0.107525 0.388457 0.666098 -0.00718637 0.0117402 -0.0117127 0.999837
1647016235.038733276 0.108513 0.387498 0.668747 -0.0072955 0.0122961 -0.0102198 0.999846
1647016235.115104780 0.11938 0.398246 0.664401 -0.00762379 0.0118488 -0.011952 0.999829
1647016235.197064358 0.122379 0.401158 0.663811 -0.00785835 0.0116254 -0.0117171 0.999833
1647016235.279381100 0.123893 0.403906 0.674405 -0.0057923 0.0136915 -0.0115863 0.999822
1647016235.363207373 0.123486 0.40558 0.675986 -0.00593304 0.0141183 -0.0108975 0.999823
1647016235.443540673 0.140838 0.417256 0.665668 -0.00763932 0.0125378 -0.0129192 0.999809
1647016235.530242777 0.138456 0.41987 0.661694 -0.00785382 0.0110025 -0.0124516 0.999831
1647016235.617689218 0.145423 0.422852 0.663982 -0.00767805 0.011609 -0.0121764 0.999829
1647016235.703335024 0.143939 0.420293 0.668858 -0.00694012 0.0123124 -0.0106567 0.999843
1647016235.783565839 0.157156 0.43153 0.665055 -0.00822117 0.0123248 -0.0126457 0.99981
1647016235.863719001 0.154067 0.423717 0.66662 -0.00693658 0.0121411 -0.00996319 0.999853
1647016235.943959263 0.159239 0.431987 0.670507 -0.00540954 0.0131253 -0.0114023 0.999834
1647016236.027691529 0.167512 0.436956 0.665584 -0.00686631 0.0121867 -0.0118267 0.999832
1647016236.112622340 0.171642 0.435357 0.670681 -0.00654155 0.0132279 -0.0104271 0.999837
1647016236.201333092 0.174925 0.438258 0.665475 -0.00795935 0.0119309 -0.0101849 0.999845
1647016236.282290225 0.181875 0.444093 0.66115 -0.0070548 0.0107544 -0.0110611 0.999856
1647016236.368670707 0.184708 0.444759 0.66834 -0.00670979 0.0124782 -0.0107265 0.999842
1647016236.448331473 0.191069 0.446368 0.667645 -0.00609625 0.012258 -0.0106967 0.999849
1647016236.528599534 0.197684 0.450218 0.663417 -0.00808685 0.0119419 -0.0107879 0.999838
1647016236.611161204 0.198075 0.451589 0.669167 -0.00511761 0.0123544 -0.0110233 0.99985
1647016236.691790502 0.210824 0.45332 0.658037 -0.00917134 0.0112229 -0.0103974 0.999841
1647016236.775741014 0.219243 0.459433 0.6673 -0.00721855 0.0129422 -0.0120872 0.999817
1647016236.856871479 0.213103 0.451336 0.663599 -0.00700357 0.0111178 -0.00904151 0.999873
1647016236.938123879 0.219258 0.456288 0.667792 -0.00638381 0.0119732 -0.0103422 0.999854
1647016237.024461447 0.230275 0.46299 0.667221 -0.00736776 0.0124555 -0.0118522 0.999825
1647016237.112895476 0.232386 0.459514 0.66377 -0.00653612 0.0112403 -0.0106478 0.999859
1647016237.193369911 0.237782 0.459346 0.666141 -0.00649651 0.0118946 -0.0103925 0.999854
1647016237.277870533 0.247962 0.460205 0.664153 -0.00608371 0.0119866 -0.010699 0.999852
1647016237.366222756 0.250119 0.458387 0.664583 -0.00662847 0.0122398 -0.0097154 0.999856
1647016237.453333908 0.260578 0.465396 0.665921 -0.00654518 0.0126327 -0.0116046 0.999831
1647016237.539460722 0.260374 0.463765 0.669592 -0.00548224 0.0130054 -0.0111183 0.999839
1647016237.626704160 0.269866 0.468305 0.665796 -0.00731197 0.0124934 -0.0117179 0.999827
1647016237.705366836 0.271984 0.460809 0.666437 -0.00587588 0.011737 -0.00983066 0.999866
1647016237.786702523 0.284197 0.461219 0.665021 -0.00718605 0.0125784 -0.00994707 0.999846
1647016237.871517634 0.287871 0.463302 0.661118 -0.00820875 0.0114438 -0.0102461 0.999848
1647016237.956932533 0.293315 0.460847 0.667596 -0.00718776 0.0126911 -0.00972157 0.999846
1647016238.044639227 0.300809 0.459546 0.661458 -0.00709022 0.0111849 -0.00986698 0.999864
1647016238.132839630 0.304352 0.458196 0.664638 -0.00695483 0.0118429 -0.00943876 0.999861
1647016238.221097438 0.316194 0.460432 0.665921 -0.00734531 0.012879 -0.0103619 0.999836
1647016238.304477556 0.314511 0.452625 0.66582 -0.0057517 0.011976 -0.00844241 0.999876
1647016238.382775864 0.322573 0.45514 0.668052 -0.00580948 0.0127151 -0.00934531 0.999859
1647016238.472349793 0.332667 0.460047 0.666219 -0.00700297 0.0129634 -0.0110615 0.99983
1647016238.554958448 0.33948 0.457124 0.66589 -0.00657472 0.0125458 -0.0108618 0.999841
1647016238.634549600 0.344292 0.454315 0.668433 -0.00626035 0.0130358 -0.0103103 0.999842
1647016238.721083017 0.347556 0.447092 0.665353 -0.00631505 0.0115637 -0.00852856 0.999877
1647016238.807953325 0.356853 0.447664 0.664326 -0.00711797 0.0119812 -0.00895747 0.999863
1647016238.892756972 0.364706 0.445301 0.661757 -0.00729982 0.0110049 -0.00868281 0.999875
1647016238.977554081 0.371299 0.443686 0.664565 -0.00651115 0.0116056 -0.00892247 0.999872
1647016239.065239453 0.378719 0.447108 0.667244 -0.0077097 0.0123664 -0.00990193 0.999845
1647016239.152072265 0.386817 0.439402 0.663331 -0.00839935 0.011632 -0.0080584 0.999865
1647016239.239631959 0.391122 0.439126 0.679605 -0.00819065 0.0152167 -0.00808498 0.999818
1647016239.323129847 0.399717 0.43525 0.662426 -0.00863322 0.0107226 -0.00805757 0.999873
1647016239.407751441 0.401864 0.432359 0.664678 -0.00759375 0.0107963 -0.00788953 0.999882
1647016239.494591245 0.412485 0.429657 0.662873 -0.00859789 0.0105397 -0.00766928 0.999878
1647016239.577166938 0.42163 0.425972 0.662587 -0.00857078 0.0104532 -0.00767361 0.999879
1647016239.657884114 0.424543 0.422727 0.663536 -0.00807127 0.0101575 -0.00748682 0.999888
1647016239.747259438 0.431316 0.417665 0.662423 -0.00845253 0.00994661 -0.00664004 0.999893
1647016239.831833965 0.441393 0.418536 0.666263 -0.00800516 0.0110342 -0.00834055 0.999872
1647016239.920018674 0.451453 0.413791 0.676146 -0.00955729 0.0145004 -0.00698177 0.999825
1647016240.008316493 0.45443 0.408676 0.663801 -0.00830147 0.0103325 -0.00702319 0.999887
1647016240.098230036 0.461752 0.403481 0.665959 -0.00801904 0.0106952 -0.00684393 0.999887
1647016240.182755645 0.474263 0.402129 0.675414 -0.0100019 0.0140977 -0.00676072 0.999828
1647016240.268599443 0.477869 0.393815 0.663503 -0.00870672 0.0103835 -0.00610998 0.99989
1647016240.357732361 0.488798 0.393468 0.676044 -0.00955091 0.0141838 -0.0065252 0.999832
1647016240.440283256 0.490029 0.387316 0.662896 -0.00836011 0.00947088 -0.00641785 0.9999
1647016240.517417485 0.504643 0.386037 0.67404 -0.011231 0.0139795 -0.00634601 0.999819
1647016240.601253401 0.505846 0.377092 0.661098 -0.00799735 0.00885906 -0.00599484 0.999911
1647016240.686942658 0.518241 0.377594 0.66259 -0.0096855 0.00987114 -0.00745721 0.999877
1647016240.776291796 0.520079 0.368801 0.663902 -0.00800436 0.00969921 -0.00590868 0.999903
1647016240.865272843 0.529615 0.363257 0.663647 -0.00851304 0.00943057 -0.00590468 0.999902
1647016240.955449720 0.542255 0.360623 0.675586 -0.0105904 0.0135561 -0.00563293 0.999836
1647016241.035862437 0.54854 0.355493 0.675232 -0.0099821 0.0133046 -0.00564848 0.999846
1647016241.117849109 0.557331 0.348953 0.675487 -0.00965574 0.0134648 -0.00537595 0.999848
1647016241.200664823 0.564541 0.344363 0.674995 -0.00957592 0.0132658 -0.00537638 0.999852
1647016241.282321933 0.575263 0.33919 0.672437 -0.0112188 0.01316 -0.00507027 0.999838
1647016241.370472102 0.579811 0.333012 0.674717 -0.00926396 0.0128916 -0.00510884 0.999861
1647016241.449497537 0.590744 0.326999 0.672858 -0.0102768 0.0131281 -0.00477382 0.99985
1647016241.538872342 0.595128 0.323558 0.673603 -0.0108485 0.0129245 -0.0047151 0.999847
1647016241.621193540 0.602667 0.315597 0.659792 -0.00971392 0.00857322 -0.00494768 0.999904
1647016241.707878824 0.612663 0.310428 0.672801 -0.0101402 0.0127608 -0.00436406 0.999858
1647016241.791410420 0.621153 0.303502 0.673798 -0.0100234 0.0133544 -0.00399993 0.999853
1647016241.872571601 0.626123 0.297702 0.675265 -0.00906 0.0133811 -0.00407915 0.999861
1647016241.953838462 0.636379 0.290437 0.6742 -0.00912734 0.0132767 -0.00360203 0.999864
1647016242.035613264 0.642726 0.28412 0.674276 -0.00838473 0.0130595 -0.00359869 0.999873
1647016242.114483857 0.652372 0.276735 0.674265 -0.0085408 0.0133668 -0.00316474 0.999869
1647016242.197350455 0.658854 0.272324 0.673783 -0.00935197 0.0133093 -0.00319739 0.999863
1647016242.275451384 0.669007 0.264011 0.672445 -0.00908238 0.0130525 -0.00293054 0.999869
1647016242.362525061 0.674603 0.257536 0.674098 -0.00820559 0.0130339 -0.00306398 0.999877
1647016242.443881159 0.684668 0.249479 0.673192 -0.00850573 0.0132771 -0.00281332 0.999872
1647016242.529372986 0.692992 0.245934 0.670372 -0.0104977 0.0126037 -0.00294561 0.999861
1647016242.612160568 0.70191 0.235642 0.671269 -0.00910851 0.0124138 -0.00300232 0.999877
1647016242.691469883 0.708579 0.231212 0.671175 -0.00991491 0.0125845 -0.00301107 0.999867
1647016242.773616684 0.714265 0.22302 0.672368 -0.00785114 0.0128111 -0.00310145 0.999882
1647016242.860553898 0.723864 0.214197 0.672675 -0.0079989 0.0129963 -0.00263994 0.99988
1647016242.943123809 0.73446 0.205951 0.671857 -0.00848451 0.012633 -0.00268803 0.999881
1647016243.024028274 0.74061 0.200574 0.671957 -0.00867003 0.0128335 -0.00242695 0.999877
1647016243.106383359 0.747633 0.193793 0.670917 -0.00817763 0.0121245 -0.00247109 0.99989
1647016243.189685197 0.75712 0.183795 0.671235 -0.00723139 0.0122519 -0.00211666 0.999897
1647016243.276328347 0.763741 0.179424 0.671234 -0.0085202 0.0123781 -0.00206452 0.999885
1647016243.358677868 0.774975 0.171589 0.669661 -0.00946947 0.0128627 -0.0017793 0.999871
1647016243.438090502 0.781195 0.164851 0.670207 -0.0087099 0.0129153 -0.0016036 0.999877
1647016243.518698272 0.790781 0.154036 0.670589 -0.00785974 0.0130687 -0.00146525 0.999883
1647016243.602460249 0.784239 0.136213 0.687555 -0.0078543 0.0159728 0.00188212 0.99984
1647016243.687038078 0.800539 0.120835 0.685682 -0.010682 0.0158989 0.00395063 0.999809
1647016243.772169761 0.800478 0.115089 0.685021 -0.0100848 0.0153214 0.00398102 0.999824
1647016243.858514590 0.818453 0.105881 0.680959 -0.0104099 0.0152713 0.00397745 0.999821
1647016243.939975329 0.815879 0.107803 0.685421 -0.0103066 0.014372 0.00261841 0.99984
1647016244.029734253 0.835229 0.090382 0.681408 -0.0115538 0.0145264 0.00570115 0.999811
1647016244.117172051 0.836498 0.0751954 0.684781 -0.0109402 0.0144056 0.00703881 0.999812
1647016244.204681436 0.848363 0.0680981 0.681452 -0.0108362 0.0139341 0.00689004 0.99982
1647016244.292511857 0.860536 0.07746 0.681897 -0.0117605 0.0144694 0.00299816 0.999822
1647016244.383452078 0.865009 0.0578626 0.679976 -0.0113576 0.0135437 0.00523743 0.99983
1647016244.465043939 0.871321 0.0487509 0.685054 -0.0116017 0.0145182 0.00588677 0.99981
1647016244.550679341 0.882908 0.0412846 0.67826 -0.011733 0.0129802 0.00542027 0.999832
1647016244.640240410 0.888581 0.0309384 0.682372 -0.0116729 0.0135763 0.0064395 0.999819
1647016244.729407766 0.899686 0.0300683 0.682542 -0.0124482 0.0138542 0.00463223 0.999816
1647016244.818260228 0.908588 0.0152492 0.681484 -0.0120494 0.0133882 0.00604785 0.999819
1647016244.906231897 0.918128 0.00305942 0.679816 -0.0114642 0.0130696 0.00719629 0.999823
1647016244.995961882 0.926834 -0.00308879 0.678209 -0.0117259 0.0124664 0.00632196 0.999834
1647016245.082701835 0.937038 -0.00884589 0.681747 -0.0107015 0.0135446 0.00487 0.999839
1647016245.163664029 0.943954 -0.0233635 0.677053 -0.0115361 0.0126049 0.00740171 0.999827
1647016245.251450274 0.954743 -0.0336302 0.67925 -0.0117006 0.0129359 0.00760204 0.999819
1647016245.341189909 0.960273 -0.0412391 0.676409 -0.0108896 0.0128068 0.00782178 0.999828
1647016245.422426220 0.970912 -0.0439481 0.683045 -0.0123053 0.0140948 0.00661159 0.999803
1647016245.511938723 0.977942 -0.0444451 0.678812 -0.0124136 0.0134301 0.00504902 0.99982
1647016245.595821451 0.988459 -0.0573045 0.677414 -0.0114043 0.0132602 0.00564939 0.999831
1647016245.678168618 0.999361 -0.0679347 0.676757 -0.011954 0.0135014 0.00632675 0.999817
1647016245.764624141 1.00869 -0.0703041 0.675083 -0.0119996 0.0130556 0.00544877 0.999828
1647016245.853904243 1.01537 -0.0864348 0.678803 -0.0131047 0.0135399 0.00738012 0.999795
1647016245.943681203 1.02325 -0.0825094 0.677531 -0.0136137 0.0132139 0.0049741 0.999808
1647016246.033207522 1.02859 -0.106059 0.676474 -0.0128927 0.0127931 0.00794605 0.999803
1647016246.119830464 1.0426 -0.116718 0.676116 -0.0114216 0.0130118 0.00786064 0.999819
1647016246.211122824 1.05011 -0.122873 0.676705 -0.0130353 0.0134327 0.00831224 0.99979
1647016246.294150704 1.05963 -0.132726 0.676549 -0.0120229 0.0130303 0.00806896 0.99981
1647016246.382632494 1.06846 -0.143507 0.678005 -0.0124703 0.0136318 0.00846096 0.999794
1647016246.471510614 1.07821 -0.148911 0.674149 -0.0132774 0.0129144 0.00858472 0.999792
1647016246.556130722 1.0848 -0.148622 0.675816 -0.0139932 0.0133643 0.00590024 0.999795
1647016246.643522381 1.09006 -0.157952 0.675721 -0.0126201 0.0133524 0.00636567 0.999811
1647016246.731510527 1.09981 -0.161208 0.673834 -0.0135823 0.013016 0.00515894 0.99981
1647016246.815071207 1.11101 -0.177546 0.676577 -0.0141212 0.0135137 0.00702836 0.999784
1647016246.902067825 1.11846 -0.186974 0.677132 -0.0129926 0.0138757 0.00743216 0.999792
1647016246.990818210 1.12639 -0.189855 0.677715 -0.0144469 0.0136533 0.00639052 0.999782
1647016247.077253332 1.13322 -0.207292 0.677926 -0.0128481 0.0137635 0.00855335 0.999786
1647016247.165225256 1.1432 -0.208233 0.677807 -0.0140437 0.0139045 0.00704243 0.99978
1647016247.255117647 1.15467 -0.217573 0.674794 -0.012761 0.0133422 0.00673126 0.999807
1647016247.344469970 1.16006 -0.229263 0.676341 -0.0132359 0.0134426 0.00853288 0.999786
1647016247.435497516 1.17219 -0.239461 0.673704 -0.0132908 0.0133298 0.00911058 0.999781
1647016247.521865854 1.17852 -0.240412 0.677266 -0.0148531 0.0134743 0.00752279 0.999771
1647016247.611706549 1.18814 -0.252879 0.671907 -0.0131451 0.0130565 0.00857995 0.999792
1647016247.701966964 1.20052 -0.262399 0.672006 -0.0128634 0.0134557 0.00900895 0.999786
1647016247.787239988 1.20743 -0.265958 0.674994 -0.0137162 0.0139538 0.00762138 0.99978
1647016247.874599282 1.21255 -0.272338 0.676082 -0.0136703 0.0140135 0.00782907 0.999778
1647016247.962000442 1.2234 -0.280211 0.673761 -0.0132216 0.0136986 0.00749041 0.999791
1647016248.049463229 1.23303 -0.291139 0.67395 -0.0141047 0.0132058 0.00860419 0.999776
1647016248.128224891 1.24141 -0.297309 0.673531 -0.0114419 0.0137889 0.00833772 0.999805
1647016248.206897690 1.24349 -0.29846 0.675722 -0.0128814 0.0132746 0.00740831 0.999801
1647016248.286468554 1.25356 -0.309099 0.67377 -0.0120394 0.013071 0.00802494 0.99981
1647016248.369531649 1.25901 -0.316324 0.677509 -0.0126292 0.0139507 0.00895735 0.999783
1647016248.455158142 1.26821 -0.324984 0.678633 -0.0124866 0.0138624 0.00908175 0.999785
1647016248.541114158 1.27561 -0.330105 0.676175 -0.0122605 0.0136736 0.00932497 0.999788
1647016248.625765031 1.28595 -0.338408 0.674566 -0.0116172 0.0128791 0.00938319 0.999806
1647016248.704758306 1.29032 -0.340713 0.678412 -0.011554 0.0143359 0.00855429 0.999794
1647016248.783537460 1.30159 -0.345671 0.67635 -0.0123494 0.0135629 0.00829581 0.999797
1647016248.862366464 1.30578 -0.352441 0.677387 -0.0119672 0.0135086 0.00872333 0.999799
1647016248.943378169 1.31288 -0.356504 0.677171 -0.0123574 0.0133275 0.00848261 0.999799
1647016249.022785079 1.32262 -0.368545 0.678236 -0.012182 0.0135822 0.00988609 0.999785
1647016249.110032836 1.33136 -0.374879 0.677053 -0.0121726 0.0136919 0.0103015 0.999779
1647016249.186744079 1.33545 -0.381023 0.680175 -0.0128951 0.0132079 0.00995982 0.99978
1647016249.273798464 1.3432 -0.382488 0.677803 -0.0128475 0.0134492 0.00906766 0.999786
1647016249.357581103 1.35597 -0.394954 0.673727 -0.0116581 0.0129276 0.0104873 0.999793
1647016249.443327557 1.3601 -0.399227 0.676237 -0.0126955 0.012741 0.0106651 0.999781
1647016249.529237108 1.36914 -0.402766 0.677145 -0.0133066 0.0130114 0.00998862 0.999777
1647016249.613801374 1.37131 -0.400251 0.679916 -0.0144568 0.0134635 0.00849115 0.999769
1647016249.697999721 1.38386 -0.410081 0.677562 -0.0136714 0.0126939 0.00942634 0.999782
1647016249.785521808 1.39237 -0.417529 0.680155 -0.0140593 0.0129911 0.0101611 0.999765
1647016249.862866474 1.39813 -0.420475 0.679804 -0.0137818 0.0128776 0.00946029 0.999777
1647016249.943711842 1.40744 -0.427232 0.677935 -0.0132332 0.0124182 0.00983961 0.999787
1647016250.027332906 1.41309 -0.42998 0.68016 -0.013965 0.0128813 0.00953121 0.999774
1647016250.106659490 1.41845 -0.434894 0.680814 -0.0142899 0.0131916 0.00987007 0.999762
1647016250.183165019 1.4269 -0.441154 0.681141 -0.0136736 0.0129233 0.00980382 0.999775
1647016250.265491724 1.43374 -0.444934 0.680076 -0.0137962 0.012904 0.00979114 0.999774
1647016250.342824693 1.44195 -0.451237 0.681756 -0.0138678 0.0129717 0.0101761 0.999768
1647016250.429781199 1.45074 -0.457459 0.678153 -0.0139527 0.0126093 0.0111479 0.999761
1647016250.516339814 1.45493 -0.459385 0.679197 -0.0139863 0.0126837 0.0106594 0.999765
1647016250.603463284 1.46413 -0.463671 0.680344 -0.0135597 0.0130481 0.0100855 0.999772
1647016250.686353123 1.47225 -0.468152 0.680356 -0.0136917 0.0130615 0.00995204 0.999771
1647016250.770127405 1.47688 -0.472355 0.682473 -0.0138809 0.0130051 0.0101836 0.999767
1647016250.851865288 1.48669 -0.477263 0.681534 -0.0139823 0.0131517 0.010091 0.999765
1647016250.935211857 1.49194 -0.481628 0.68077 -0.0138485 0.0128188 0.0106929 0.999765
1647016251.018301600 1.50174 -0.485637 0.680537 -0.01304 0.0132534 0.0100266 0.999777
1647016251.101702865 1.50708 -0.487833 0.682012 -0.0138598 0.0134682 0.0100741 0.999762
1647016251.179749302 1.51698 -0.493086 0.677053 -0.0131427 0.0123078 0.0102706 0.999785
1647016251.263918353 1.5222 -0.495126 0.679967 -0.0142193 0.0129815 0.0102297 0.999762
1647016251.347987505 1.52831 -0.497466 0.681703 -0.0146877 0.0128024 0.0099738 0.99976
1647016251.431981718 1.53726 -0.500231 0.679073 -0.0131842 0.012985 0.00972764 0.999781
1647016251.514700016 1.54402 -0.504199 0.680632 -0.0135463 0.0133957 0.00983152 0.99977
1647016251.596553724 1.54959 -0.507484 0.681697 -0.014152 0.013196 0.0104449 0.999758
1647016251.678326942 1.55479 -0.506933 0.681341 -0.014294 0.0133963 0.00960006 0.999762
1647016251.757767493 1.56116 -0.511291 0.683921 -0.0148928 0.0136968 0.0100519 0.999745
1647016251.837817732 1.56772 -0.515069 0.683913 -0.0142814 0.0137152 0.0105947 0.999748
1647016251.921386368 1.57717 -0.516935 0.680756 -0.0133825 0.0133173 0.0100845 0.999771
1647016252.002311998 1.58267 -0.517751 0.681642 -0.014042 0.0134492 0.0101632 0.999759
1647016252.087574762 1.59084 -0.521055 0.681772 -0.0138874 0.0136806 0.0104725 0.999755
1647016252.164364909 1.59526 -0.523893 0.682092 -0.0136675 0.0137167 0.0106531 0.999756
1647016252.243242800 1.6071 -0.528783 0.68082 -0.0138803 0.0138994 0.0121726 0.999733
1647016252.328706297 1.60828 -0.526777 0.685384 -0.0149268 0.0145437 0.0110725 0.999721
1647016252.414898701 1.61348 -0.527667 0.682947 -0.0143107 0.0141305 0.0107631 0.99974
1647016252.494145939 1.62068 -0.52533 0.684824 -0.0151111 0.0143332 0.0100134 0.999733
1647016252.573910774 1.62937 -0.529046 0.679504 -0.013864 0.0136632 0.0107833 0.999752
1647016252.651375285 1.63486 -0.52924 0.682825 -0.0153628 0.0140912 0.0110357 0.999722
1647016252.733972400 1.64253 -0.529615 0.679254 -0.0144127 0.0135881 0.011017 0.999743
1647016252.815612044 1.64983 -0.53126 0.679941 -0.0141348 0.0140339 0.0111548 0.999739
1647016252.901332902 1.65273 -0.532098 0.683011 -0.0150827 0.0144421 0.0113441 0.999718
1647016252.979059758 1.66107 -0.531904 0.680545 -0.0144796 0.0140082 0.0108703 0.999738
1647016253.058602091 1.66712 -0.531657 0.680303 -0.0148428 0.0141319 0.010952 0.99973
1647016253.142626954 1.67099 -0.531552 0.681247 -0.0152049 0.0141677 0.0110622 0.999723
1647016253.216988775 1.67876 -0.532599 0.681045 -0.0148251 0.0142282 0.0113837 0.999724
1647016253.296044082 1.68499 -0.532035 0.678967 -0.014255 0.0141347 0.0111407 0.999736
1647016253.377851725 1.68908 -0.532243 0.679241 -0.0142842 0.0139983 0.0112565 0.999737
1647016253.460245059 1.69609 -0.532972 0.679765 -0.0141992 0.014038 0.011468 0.999735
1647016253.540948015 1.70085 -0.532317 0.680552 -0.0145041 0.0142888 0.0114536 0.999727
1647016253.621719694 1.70879 -0.531327 0.678524 -0.0140616 0.0140877 0.0114052 0.999737
1647016253.703115470 1.71279 -0.532329 0.679307 -0.0137534 0.0141824 0.0115634 0.999738
1647016253.779045187 1.72018 -0.530016 0.678851 -0.0143891 0.014081 0.0113245 0.999733
1647016253.853272686 1.72517 -0.529343 0.67839 -0.0141666 0.0141439 0.0113437 0.999735
1647016253.932913301 1.72862 -0.529389 0.680124 -0.0142321 0.0145022 0.0114578 0.999728
1647016254.014950774 1.73597 -0.528152 0.677786 -0.0137825 0.0141855 0.0102007 0.999752
1647016254.095195384 1.73942 -0.528889 0.679227 -0.0137235 0.0141326 0.0102432 0.999753
1647016254.174001164 1.74481 -0.526298 0.67795 -0.014229 0.0144436 0.0100913 0.999744
1647016254.254858453 1.75071 -0.5251 0.677909 -0.0137383 0.0143137 0.010192 0.999751
1647016254.336092017 1.75681 -0.523399 0.675861 -0.0132316 0.0142776 0.01002 0.99976
1647016254.419643504 1.7625 -0.522436 0.677085 -0.0130732 0.0147331 0.0102094 0.999754
1647016254.498040328 1.76531 -0.521058 0.678759 -0.013638 0.0144228 0.01042 0.999749
1647016254.574774758 1.7693 -0.519408 0.679173 -0.0136931 0.0145929 0.010468 0.999745
1647016254.657081730 1.77633 -0.515851 0.677 -0.0132198 0.0141039 0.0101655 0.999761
1647016254.732950656 1.78043 -0.514548 0.676934 -0.0131676 0.0142319 0.0104073 0.999758
1647016254.813608898 1.7867 -0.511896 0.67744 -0.0133401 0.0144131 0.0105519 0.999751
1647016254.890018504 1.79315 -0.51143 0.680568 -0.0130428 0.0158922 0.011008 0.999728
1647016254.973711468 1.7986 -0.508612 0.679498 -0.0133113 0.0160313 0.011095 0.999721
1647016255.049732696 1.80172 -0.503767 0.674992 -0.0127507 0.0147028 0.0102775 0.999758
1647016255.127647756 1.80392 -0.501836 0.677572 -0.0133904 0.0148129 0.0104959 0.999746
1647016255.202663796 1.80791 -0.499275 0.676707 -0.0131951 0.0145236 0.0104753 0.999753
1647016255.281918851 1.81687 -0.498017 0.681066 -0.013392 0.0161271 0.0118422 0.99971
1647016255.364952463 1.81735 -0.491992 0.676474 -0.013478 0.0141523 0.0106408 0.999752
1647016255.445948494 1.82279 -0.48994 0.669989 -0.010768 0.013305 0.0101312 0.999802
1647016255.522648988 1.8401 -0.486672 0.637293 0.00139649 0.00994319 0.00767477 0.99992
1647016255.600414906 1.84341 -0.485119 0.635121 0.00285919 0.0103593 0.00762253 0.999913
1647016255.682481611 1.85658 -0.518808 0.663108 -0.00856788 0.0134815 0.0195648 0.999681
1647016255.836933261 1.84884 -0.498687 0.675467 -0.0105868 0.0146399 0.0165899 0.999699
1647016255.915078119 1.86275 -0.500098 0.668989 -0.00985867 0.0141777 0.0181449 0.999686
1647016255.998872484 1.85953 -0.492021 0.675839 -0.0109799 0.0152444 0.0170388 0.999678
1647016256.076159903 1.872 -0.502149 0.672114 -0.00960722 0.0151759 0.0202141 0.999634
1647016256.153412107 1.87471 -0.489907 0.670964 -0.00889874 0.0155629 0.0184935 0.999668
1647016256.229241753 1.87173 -0.475108 0.664506 -0.00902881 0.013712 0.0158959 0.999739
1647016256.305192238 1.87132 -0.479532 0.678489 -0.0113171 0.0156264 0.0181768 0.999649
1647016256.390126476 1.88518 -0.471252 0.665837 -0.00972249 0.0137771 0.0179007 0.999698
1647016256.471192901 1.87709 -0.462538 0.679831 -0.0116182 0.0157272 0.0167673 0.999668
1647016256.552739000 1.88145 -0.453621 0.668052 -0.0102328 0.0135854 0.0158994 0.999729
1647016256.630238049 1.88305 -0.446684 0.676915 -0.0115549 0.0155537 0.0155357 0.999692
1647016256.708953067 1.88883 -0.452467 0.674193 -0.0109757 0.0146899 0.0177784 0.999674
1647016256.786189114 1.89523 -0.451925 0.671376 -0.00970677 0.0141225 0.0191428 0.99967
1647016256.869943488 1.89758 -0.43311 0.66761 -0.0094125 0.0131981 0.01593 0.999742
1647016256.950123148 1.89501 -0.431031 0.67724 -0.0118852 0.0142606 0.0173009 0.999678
1647016257.031126208 1.89774 -0.420083 0.673491 -0.0116234 0.0137786 0.0158742 0.999711
1647016257.114825255 1.90491 -0.427261 0.6697 -0.0100509 0.0136554 0.01829 0.999689
1647016257.192642159 1.90573 -0.41316 0.666838 -0.0100768 0.0117377 0.0166983 0.999741
1647016257.272591743 1.90475 -0.407014 0.673292 -0.00950147 0.0124461 0.0161662 0.999747
1647016257.350883688 1.90766 -0.392771 0.675039 -0.00893872 0.0131222 0.0145863 0.999768
1647016257.434767674 1.91266 -0.399857 0.669304 -0.00927149 0.011668 0.017518 0.999735
1647016257.514811762 1.90878 -0.380697 0.672998 -0.0100303 0.0123379 0.0148645 0.999763
1647016257.599576427 1.91422 -0.378187 0.678829 -0.00961048 0.0135478 0.0154267 0.999743
1647016257.683932304 1.92217 -0.368971 0.669674 -0.00961777 0.0118839 0.0156124 0.999761
1647016257.760742025 1.92035 -0.35915 0.672067 -0.00919341 0.012331 0.0144167 0.999778
1647016257.839485796 1.91964 -0.352262 0.677829 -0.0101718 0.0131881 0.0141043 0.999762
1647016257.920523045 1.92756 -0.355156 0.676339 -0.0100545 0.0132532 0.0167809 0.999721
1647016257.998707847 1.92459 -0.349727 0.677745 -0.0107331 0.0131827 0.016725 0.999716
1647016258.079458859 1.93147 -0.34012 0.672698 -0.00896356 0.0123894 0.0155795 0.999762
1647016258.157646193 1.92919 -0.320031 0.674688 -0.00924966 0.0129133 0.0128318 0.999791
1647016258.235833943 1.93733 -0.332024 0.673234 -0.00893919 0.0127351 0.0170515 0.999734
1647016258.317865245 1.93391 -0.307637 0.676469 -0.0100444 0.0132216 0.0137214 0.999768
1647016258.473246257 1.93851 -0.295388 0.672952 -0.00915227 0.012574 0.0130383 0.999794
1647016258.552179013 1.93845 -0.284167 0.675007 -0.00997203 0.0130038 0.0126147 0.999786
1647016258.632134765 1.94205 -0.287961 0.678561 -0.010662 0.0136727 0.0150705 0.999736
1647016258.718423817 1.94404 -0.279528 0.675027 -0.0109729 0.013025 0.0155095 0.999735
1647016258.798616299 1.9431 -0.269618 0.676347 -0.0108335 0.0132979 0.0143129 0.99975
1647016258.877571959 1.95081 -0.250219 0.670848 -0.00948239 0.0125602 0.0108889 0.999817
1647016258.956082595 1.9479 -0.251031 0.673731 -0.0099372 0.0130601 0.0135142 0.999774
1647016259.047430618 1.94804 -0.244777 0.674438 -0.00947102 0.0130688 0.0132553 0.999782
1647016259.132466187 1.94966 -0.237054 0.674329 -0.00920101 0.0131019 0.013532 0.99978
1647016259.216809720 1.95337 -0.229398 0.672407 -0.00825698 0.0132069 0.012812 0.999797
1647016259.307828438 1.95106 -0.215974 0.67614 -0.00965063 0.0136226 0.0122835 0.999785
1647016259.396083791 1.95037 -0.20133 0.679776 -0.0100086 0.0143065 0.0110467 0.999787
1647016259.482463107 1.95196 -0.193256 0.67778 -0.0105213 0.0136413 0.0107938 0.999793
1647016259.574474834 1.95412 -0.182549 0.679141 -0.0112404 0.0145195 0.0107535 0.999774
1647016259.664047534 1.9556 -0.178783 0.678865 -0.0104265 0.0139232 0.0118977 0.999778
1647016259.753111453 1.95605 -0.168618 0.676565 -0.0104783 0.0138085 0.0111565 0.999788
1647016259.837273447 1.95969 -0.164429 0.6759 -0.0101116 0.0135398 0.0123231 0.999781
1647016259.927457619 1.95772 -0.145648 0.677583 -0.0112881 0.0142082 0.0107188 0.999778
1647016260.016649923 1.95952 -0.141823 0.678072 -0.00984415 0.0147641 0.0109444 0.999783
1647016260.105663829 1.96287 -0.123535 0.675871 -0.0110702 0.0137739 0.00936045 0.9998
1647016260.194095749 1.96151 -0.124104 0.678466 -0.00929621 0.0143743 0.0116216 0.999786
1647016260.277892040 1.9572 -0.114972 0.67748 -0.0098258 0.013597 0.0110098 0.999799
1647016260.357973887 1.9593 -0.10486 0.676876 -0.00989538 0.0143343 0.0110265 0.999787
1647016260.448947303 1.96331 -0.0915475 0.674253 -0.00985615 0.0135888 0.00954554 0.999814
1647016260.539708030 1.9612 -0.0826937 0.673964 -0.0105467 0.0132517 0.010082 0.999806
1647016260.621562348 1.96419 -0.0762515 0.675306 -0.00926229 0.013682 0.0106353 0.999807
1647016260.706464922 1.95505 -0.0645858 0.678663 -0.0106793 0.0140182 0.00975017 0.999797
1647016260.791465033 1.96 -0.057014 0.679917 -0.00998603 0.0148995 0.0101812 0.999787
1647016260.879232966 1.96019 -0.048417 0.680058 -0.0100836 0.01448 0.00980895 0.999796
1647016260.963947478 1.95672 -0.0352677 0.678079 -0.0111694 0.0134218 0.00939948 0.999803
1647016261.049684626 1.95872 -0.0271537 0.676029 -0.010762 0.0131697 0.0088909 0.999816
1647016261.130808865 1.95728 -0.01678 0.681211 -0.0107285 0.0147118 0.00873425 0.999796
1647016261.217975565 1.96134 -0.0169661 0.678918 -0.00903644 0.0145718 0.00988684 0.999804
1647016261.304990545 1.95918 -0.00494554 0.679219 -0.0104252 0.0141976 0.0100365 0.999794
1647016261.383168022 1.95788 0.00879439 0.681427 -0.0103317 0.0142562 0.00907005 0.999804
1647016261.462905393 1.95642 0.0221915 0.681767 -0.0102881 0.0143857 0.00750366 0.999815
1647016261.541400702 1.95774 0.0273507 0.678029 -0.0116608 0.0138648 0.00828675 0.999802
1647016261.620648959 1.95744 0.0347075 0.678809 -0.00986221 0.0138852 0.008385 0.99982
1647016261.705944017 1.95528 0.045777 0.679398 -0.0114549 0.0139668 0.00790584 0.999806
1647016261.787178968 1.94663 0.0488884 0.690011 -0.0101997 0.0154842 0.00943313 0.999784
1647016261.869076032 1.9517 0.0619953 0.682839 -0.0101228 0.014451 0.00778108 0.999814
1647016261.954642140 1.95034 0.0811142 0.684128 -0.0107226 0.0146951 0.00589309 0.999817
1647016262.040990961 1.94879 0.0836303 0.681232 -0.0103981 0.0140539 0.00680981 0.999824
1647016262.125944958 1.95357 0.0976187 0.679469 -0.0116598 0.0140481 0.00620725 0.999814
1647016262.211492173 1.95386 0.103931 0.677461 -0.0107592 0.0136741 0.00612395 0.99983
1647016262.292065282 1.94705 0.110702 0.683512 -0.0104982 0.0144101 0.00684731 0.999818
1647016262.376312130 1.94652 0.104826 0.682848 -0.00916015 0.014213 0.00942385 0.999813
1647016262.457596246 1.94572 0.132522 0.683976 -0.0100183 0.0151244 0.00536724 0.999821
1647016262.537971182 1.94147 0.132081 0.68139 -0.0100741 0.0141565 0.00713457 0.999824
1647016262.618302024 1.94389 0.146404 0.683028 -0.0107963 0.0155129 0.00635586 0.999801
1647016262.698969392 1.93916 0.151165 0.682174 -0.0109216 0.0147705 0.00672062 0.999809
1647016262.780125883 1.93712 0.153316 0.681116 -0.0102258 0.0144937 0.00765775 0.999813
1647016262.858627945 1.93862 0.171931 0.683584 -0.0111221 0.0158007 0.00588649 0.999796
1647016262.943938156 1.93487 0.178739 0.684151 -0.0107584 0.015586 0.00552154 0.999805
1647016263.023576123 1.93232 0.184567 0.683356 -0.0111496 0.0155366 0.00671591 0.999795
1647016263.110751184 1.93331 0.197189 0.685595 -0.00981576 0.0162124 0.00482232 0.999809
1647016263.193032696 1.92833 0.201064 0.686709 -0.00973137 0.0160833 0.00622271 0.999804
1647016263.278096652 1.92863 0.209499 0.684335 -0.0114459 0.0159779 0.00617427 0.999788
1647016263.359826809 1.92406 0.220462 0.688022 -0.00984442 0.0164432 0.00545739 0.999801
1647016263.446001263 1.92342 0.221637 0.680941 -0.0106918 0.0151356 0.00669664 0.999806
1647016263.527718489 1.91848 0.223871 0.687652 -0.00919067 0.0161725 0.00786213 0.999796
1647016263.616932323 1.91546 0.230996 0.688428 -0.00912145 0.0162604 0.00781612 0.999796
1647016263.705660259 1.91644 0.246274 0.68615 -0.00999529 0.0163875 0.00630278 0.999796
1647016263.782318740 1.91368 0.259875 0.683702 -0.00968533 0.0154549 0.00504 0.999821
1647016263.868140799 1.90839 0.257195 0.686904 -0.00908738 0.0162637 0.00702594 0.999802
1647016263.952041608 1.90904 0.267913 0.685269 -0.00878951 0.0159878 0.00549803 0.999818
1647016264.036838083 1.9076 0.281417 0.684936 -0.00983282 0.0161319 0.00454169 0.999811
1647016264.123103826 1.90242 0.288119 0.684944 -0.00886285 0.0156437 0.00453574 0.999828
1647016264.209016236 1.90351 0.29907 0.688169 -0.00974485 0.0166912 0.00360567 0.999807
1647016264.288818280 1.89409 0.291355 0.688908 -0.00809209 0.0164697 0.00673872 0.999809
1647016264.377668262 1.89441 0.313122 0.69053 -0.00854456 0.01679 0.00313158 0.999818
1647016264.453382825 1.89279 0.316531 0.682368 -0.0094564 0.0155477 0.00448082 0.999824
1647016264.541415710 1.88691 0.320808 0.689991 -0.00793408 0.0168386 0.00430125 0.999817
1647016264.620574825 1.883 0.326984 0.689122 -0.00798216 0.0165683 0.00453966 0.999821
1647016264.701184339 1.88253 0.334579 0.685772 -0.00901997 0.0161021 0.00415011 0.999821
1647016264.786237549 1.8805 0.34183 0.688265 -0.00885506 0.0163581 0.00348305 0.999821
1647016264.871427620 1.8767 0.346895 0.689475 -0.00877846 0.0168872 0.00418583 0.99981
1647016264.950571331 1.86933 0.351517 0.688572 -0.00820667 0.01648 0.00477606 0.999819
1647016265.034166178 1.8688 0.361129 0.686856 -0.00881474 0.0161419 0.00379139 0.999824
1647016265.114506065 1.86707 0.368097 0.689659 -0.00847645 0.0171414 0.00321741 0.999812
1647016265.191141657 1.86383 0.380886 0.691507 -0.00869225 0.0174175 0.00192006 0.999809
1647016265.278284805 1.85555 0.37555 0.693226 -0.00738172 0.0171236 0.00401189 0.999818
1647016265.355072800 1.85598 0.391407 0.694896 -0.00820048 0.0180846 0.00207208 0.999801
1647016265.441959552 1.85127 0.385342 0.688164 -0.00789838 0.0166752 0.00430015 0.999821
1647016265.525974333 1.84289 0.39515 0.692436 -0.00696232 0.0171396 0.00357939 0.999822
1647016265.602749234 1.84392 0.407023 0.693302 -0.00742103 0.0176096 0.00199241 0.999815
1647016265.689515827 1.83735 0.400973 0.688588 -0.00755509 0.0160935 0.00473113 0.999831
1647016265.767572099 1.8401 0.413475 0.691661 -0.0083043 0.0173541 0.00286634 0.999811
1647016265.847409192 1.83394 0.419885 0.692399 -0.00845379 0.0170522 0.00244162 0.999816
1647016265.934908866 1.82843 0.416674 0.691173 -0.00811564 0.0165808 0.00431815 0.99982
1647016266.018890106 1.82783 0.431069 0.693059 -0.00877106 0.0170795 0.00221394 0.999813
1647016266.109430631 1.8214 0.431065 0.694362 -0.00779153 0.0171251 0.00300058 0.999818
1647016266.193641829 1.81579 0.440634 0.690591 -0.00870069 0.0165054 0.00224179 0.999823
1647016266.281771113 1.80546 0.435059 0.693114 -0.00650729 0.0162886 0.00392301 0.999838
1647016266.362882200 1.80837 0.45693 0.694493 -0.00790311 0.0173544 0.000322059 0.999818
1647016266.448612083 1.80976 0.459772 0.691884 -0.00828403 0.0173104 0.000280933 0.999816
1647016266.532520073 1.80125 0.460876 0.696989 -0.00677843 0.0180474 0.000806206 0.999814
1647016266.619686614 1.7942 0.454488 0.693906 -0.00748573 0.0173305 0.00315661 0.999817
1647016266.704306177 1.79159 0.468754 0.69198 -0.00767375 0.0168725 0.000965291 0.999828
1647016266.786428168 1.7898 0.470044 0.692759 -0.00756741 0.0174653 0.00138607 0.999818
1647016266.869097538 1.79208 0.486488 0.688824 -0.00960307 0.0172882 -0.00136728 0.999803
1647016266.951471968 1.781 0.477317 0.695464 -0.00804341 0.0179495 0.00113716 0.999806
1647016267.039623098 1.77326 0.479008 0.694965 -0.00704775 0.0176645 0.00159598 0.999818
1647016267.119665209 1.74643 0.436098 0.716317 0.00584635 0.0183521 0.00880071 0.999776
1647016267.202661311 1.76815 0.440554 0.685693 -0.00461776 0.0158113 0.00997366 0.999815
1647016267.287206199 1.77004 0.443499 0.677737 -0.00769781 0.0150032 0.0104746 0.999803
1647016267.374292932 1.76915 0.4467 0.671486 -0.00953672 0.0145127 0.010797 0.999791
1647016267.454140788 1.76241 0.450518 0.672569 -0.00947986 0.0147121 0.0105508 0.999791
1647016267.533464809 1.75859 0.452104 0.672096 -0.00951908 0.014651 0.010615 0.999791
1647016267.617450923 1.75389 0.454738 0.673205 -0.00940772 0.0147804 0.010521 0.999791
1647016267.700905501 1.74789 0.45686 0.673076 -0.00938979 0.0147585 0.0106618 0.99979
1647016267.782528727 1.7442 0.459034 0.672386 -0.00971408 0.0147102 0.0104958 0.99979
1647016267.863166317 1.73665 0.46123 0.674259 -0.00879521 0.0147207 0.0103848 0.999799
1647016267.944095348 1.73269 0.462734 0.673596 -0.00929853 0.0147385 0.0106559 0.999791
1647016268.027693447 1.72694 0.464509 0.672522 -0.00955797 0.0146405 0.0106604 0.99979
1647016268.109726964 1.72254 0.466205 0.67313 -0.00956359 0.0148448 0.0105201 0.999789
1647016268.188835437 1.71559 0.467637 0.67353 -0.0093166 0.0146422 0.0105098 0.999794
1647016268.270647235 1.71087 0.469393 0.673625 -0.00948344 0.0145028 0.010369 0.999796
1647016268.356084410 1.70345 0.470045 0.674479 -0.00909345 0.0144727 0.0104005 0.9998
1647016268.439325985 1.69984 0.471109 0.672564 -0.0100099 0.0140047 0.0104743 0.999797
1647016268.520653703 1.69021 0.472074 0.676741 -0.0087168 0.0142019 0.0101805 0.999809
1647016268.602354061 1.68686 0.473449 0.674436 -0.00981291 0.0139692 0.0101394 0.999803
1647016268.686175214 1.68291 0.473406 0.673705 -0.00978477 0.0137612 0.0101629 0.999806
1647016268.771841155 1.67222 0.457386 0.673338 -0.00875416 0.0134635 0.0157813 0.999746
1647016268.860071075 1.66839 0.473847 0.674614 -0.00946009 0.0137024 0.010351 0.999808
1647016268.940612642 1.66331 0.474944 0.675198 -0.00975821 0.0139458 0.0103203 0.999802
1647016269.022668773 1.65593 0.474557 0.675356 -0.00947297 0.0138501 0.0103309 0.999806
1647016269.104007453 1.65129 0.474195 0.674932 -0.00944694 0.0136767 0.0103725 0.999808
1647016269.187410113 1.64697 0.473466 0.675117 -0.00910047 0.0138406 0.0103027 0.99981
1647016269.273229486 1.64065 0.473329 0.673176 -0.0100703 0.0137402 0.0106205 0.999798
1647016269.357372865 1.63213 0.472961 0.67587 -0.0092776 0.0140769 0.0103843 0.999804
1647016269.443401796 1.62619 0.473284 0.676735 -0.00923277 0.0140198 0.0102931 0.999806
1647016269.528425190 1.61941 0.47111 0.675296 -0.00956115 0.013594 0.0106739 0.999805
1647016269.610465138 1.61306 0.471968 0.676724 -0.00974133 0.0137962 0.0102645 0.999805
1647016269.693994313 1.60682 0.469482 0.676183 -0.00940964 0.0137 0.0102967 0.999809
1647016269.781391807 1.60132 0.469472 0.676459 -0.00966981 0.0136993 0.010339 0.999806
1647016269.862117421 1.59335 0.467524 0.677413 -0.00917538 0.0138596 0.010385 0.999808
1647016269.943364901 1.58816 0.466048 0.676645 -0.00938412 0.0136572 0.0105555 0.999807
1647016270.027313003 1.58056 0.463635 0.677066 -0.00904717 0.0137739 0.0104438 0.99981
1647016270.111312633 1.57246 0.440371 0.674152 -0.00720529 0.0129876 0.0169421 0.999746
1647016270.192328626 1.56079 0.439902 0.677142 -0.00714146 0.0127591 0.0169047 0.99975
1647016270.276621461 1.56218 0.459911 0.677401 -0.00934216 0.0135252 0.0103131 0.999812
1647016270.357366782 1.55188 0.440169 0.674654 -0.00779189 0.0126417 0.0151779 0.999775
1647016270.442433399 1.55061 0.453154 0.676082 -0.00917344 0.0133853 0.0110587 0.999807
1647016270.522920971 1.53744 0.432945 0.675712 -0.00771684 0.0127675 0.0162701 0.999756
1647016270.603707497 1.53335 0.428889 0.672937 -0.00822043 0.0122316 0.0169324 0.999748
1647016270.689189071 1.52981 0.446367 0.679045 -0.00811684 0.0135277 0.0108369 0.999817
1647016270.772551672 1.52247 0.442174 0.677517 -0.00880066 0.0130927 0.0111433 0.999813
1647016270.858038022 1.5097 0.418222 0.674215 -0.00736023 0.011516 0.0170819 0.999761
1647016270.944242306 1.50885 0.43546 0.676463 -0.00897973 0.012458 0.0112864 0.999818
1647016271.027184660 1.49986 0.432284 0.678523 -0.00879606 0.0128126 0.0115985 0.999812
1647016271.114558327 1.49329 0.429749 0.679661 -0.00826177 0.0126522 0.0114982 0.99982
1647016271.198882310 1.48213 0.40339 0.673965 -0.00714671 0.0110676 0.0179787 0.999752
1647016271.288402876 1.47496 0.40342 0.675292 -0.00769284 0.0109527 0.0174816 0.999758
1647016271.378408266 1.4737 0.416678 0.67668 -0.00906915 0.011987 0.0118825 0.999816
1647016271.461536465 1.46604 0.412771 0.676124 -0.00908958 0.0117213 0.0121759 0.999816
1647016271.544813417 1.45876 0.409989 0.677787 -0.00930606 0.012026 0.0124467 0.999807
1647016271.629596708 1.44843 0.386849 0.674652 -0.00772042 0.0110973 0.0172909 0.999759
1647016271.716890713 1.44442 0.401178 0.67819 -0.00895438 0.0117597 0.0124534 0.999813
1647016271.799992024 1.43712 0.394165 0.67724 -0.0088196 0.0117788 0.0125294 0.999813
1647016271.881872780 1.43034 0.391513 0.679111 -0.00811491 0.0117636 0.0125125 0.99982
1647016271.965208390 1.42251 0.387107 0.67845 -0.00920334 0.0119059 0.012889 0.999804
1647016272.045439109 1.41674 0.380721 0.678057 -0.00802539 0.0116465 0.0131116 0.999814
1647016272.128081097 1.40443 0.358467 0.67578 -0.00784424 0.0103728 0.0179332 0.999755
1647016272.215596541 1.3971 0.348378 0.675066 -0.00725085 0.0101182 0.0194225 0.999734
1647016272.297910477 1.39243 0.365422 0.679647 -0.00860623 0.0114034 0.0135171 0.999807
1647016272.383250435 1.38505 0.340645 0.675443 -0.00727134 0.010721 0.0189318 0.999737
1647016272.473197769 1.37916 0.336521 0.673821 -0.00801639 0.0108856 0.0186933 0.999734
1647016272.563465492 1.36695 0.326825 0.674707 -0.00793003 0.0103122 0.01945 0.999726
1647016272.649748939 1.36311 0.321584 0.674239 -0.00753695 0.0107781 0.0196225 0.999721
1647016272.737668700 1.35787 0.334487 0.676866 -0.00894427 0.0117236 0.014018 0.999793
1647016272.820757695 1.35227 0.329947 0.67788 -0.00824133 0.0122617 0.0140002 0.999793
1647016272.901064439 1.34205 0.306818 0.673453 -0.00857771 0.0104103 0.0184786 0.999738
1647016272.982204451 1.33636 0.298946 0.672801 -0.00833174 0.0103954 0.0191248 0.999728
1647016273.063552700 1.32874 0.2931 0.673076 -0.00772734 0.0108765 0.018157 0.999746
1647016273.146923396 1.32295 0.285411 0.673873 -0.00720266 0.0111495 0.0187614 0.999736
1647016273.230149119 1.31347 0.28048 0.672796 -0.00783197 0.010375 0.0177562 0.999758
1647016273.314440512 1.30643 0.270554 0.676367 -0.00727499 0.0110034 0.0190165 0.999732
1647016273.397608811 1.29875 0.266722 0.674666 -0.00706545 0.0113851 0.017594 0.999755
1647016273.480101001 1.29384 0.258851 0.673752 -0.00759325 0.0113596 0.0190094 0.999726
1647016273.566340900 1.28482 0.252186 0.674624 -0.00770695 0.0110262 0.0186438 0.999736
1647016273.648207530 1.27976 0.246151 0.672103 -0.00806526 0.0104035 0.0189758 0.999733
1647016273.734056220 1.2715 0.238923 0.673746 -0.00664643 0.0115073 0.0178798 0.999752
1647016273.821773689 1.26604 0.233825 0.673009 -0.00842068 0.0114844 0.0186776 0.999724
1647016273.906006664 1.25521 0.216973 0.674404 -0.00730918 0.0111607 0.0204004 0.999703
1647016273.992138970 1.2517 0.216596 0.673545 -0.00765696 0.0115991 0.0188561 0.999726
1647016274.084762677 1.24497 0.214793 0.672833 -0.00796415 0.0120558 0.0170807 0.99975
1647016274.177082163 1.23308 0.204114 0.674165 -0.00747583 0.0115591 0.0171129 0.999759
1647016274.263314481 1.2266 0.195755 0.673353 -0.00910577 0.0118237 0.0174246 0.999737
1647016274.350445507 1.2203 0.185967 0.672364 -0.00764286 0.0118445 0.0179608 0.999739
1647016274.441767204 1.20927 0.178468 0.675627 -0.00808613 0.0120723 0.0176089 0.999739
1647016274.529429801 1.20236 0.168647 0.676508 -0.00821033 0.0128219 0.0181537 0.999719
1647016274.614673333 1.19746 0.16318 0.670874 -0.00950707 0.011337 0.017998 0.999729
1647016274.699276542 1.18699 0.152564 0.675999 -0.00872335 0.0125676 0.0182145 0.999717
1647016274.793856194 1.1814 0.149759 0.673409 -0.00896571 0.0114156 0.0173082 0.999745
1647016274.886875631 1.17138 0.135632 0.676176 -0.00853182 0.0121731 0.0182114 0.999724
1647016274.975033135 1.16252 0.143369 0.674331 -0.00980992 0.011631 0.014091 0.999785
1647016275.057428641 1.15551 0.114728 0.673817 -0.00822695 0.0119007 0.0185789 0.999723
1647016275.139926433 1.15034 0.116414 0.674718 -0.00985866 0.011813 0.0166853 0.999742
1647016275.220593699 1.14516 0.105899 0.67295 -0.00827237 0.0120436 0.0171649 0.999746
1647016275.302572361 1.13466 0.105491 0.673682 -0.00975302 0.011717 0.0149928 0.999771
1647016275.392835962 1.13214 0.0875472 0.670504 -0.00985667 0.0119489 0.017907 0.99972
1647016275.477477958 1.11569 0.078209 0.677488 -0.0100438 0.0119186 0.0178249 0.99972
1647016275.561670260 1.10832 0.0740442 0.675837 -0.0108439 0.0114958 0.0159607 0.999748
1647016275.651686999 1.10206 0.06457 0.677383 -0.0116132 0.0121994 0.0170751 0.999712
1647016275.741195086 1.09495 0.055325 0.677336 -0.010723 0.012508 0.0162274 0.999733
1647016275.825199245 1.0842 0.0466455 0.677719 -0.0117932 0.0117248 0.0157463 0.999738
1647016275.908091558 1.07728 0.0331212 0.679078 -0.0100321 0.0121348 0.0169681 0.999732
1647016275.995499403 1.07025 0.033738 0.678061 -0.0108417 0.0127649 0.0143001 0.999757
1647016276.076103820 1.06412 0.0224607 0.673937 -0.0128493 0.0112777 0.0155103 0.999734
1647016276.160665900 1.05317 0.0148164 0.675985 -0.0111343 0.0116283 0.0143874 0.999767
1647016276.251932811 1.04719 0.00255857 0.676278 -0.0121598 0.012216 0.0157142 0.999728
1647016276.335859725 1.03922 -0.0048543 0.677364 -0.0119447 0.0123843 0.0147176 0.999744
1647016276.421607816 1.03312 -0.00904228 0.678336 -0.0121912 0.0126416 0.0142156 0.999745
1647016276.506426563 1.01719 -0.0126926 0.675696 -0.0106701 0.0125686 0.0118132 0.999794
1647016276.588951913 1.01522 -0.0325898 0.677342 -0.0116211 0.0126128 0.0157066 0.99973
1647016276.673752998 1.00783 -0.0273953 0.67928 -0.0117239 0.012974 0.0115579 0.99978
1647016276.763941586 1.0002 -0.0496331 0.677313 -0.0115585 0.0135763 0.0141674 0.999741
1647016276.858541431 0.996898 -0.0477953 0.674171 -0.0122678 0.012849 0.0125098 0.999764
1647016276.947559262 0.980026 -0.0590458 0.68101 -0.0121885 0.01334 0.0124332 0.999759
1647016277.036068357 0.974563 -0.0775339 0.679944 -0.0114043 0.0142582 0.0138522 0.999737
1647016277.122190756 0.964468 -0.088978 0.683574 -0.0122369 0.0140724 0.0151075 0.999712
1647016277.214161488 0.956092 -0.098286 0.677304 -0.0121844 0.0131 0.014776 0.999731
1647016277.306152784 0.94962 -0.0993933 0.677856 -0.0129016 0.0136292 0.0124371 0.999747
1647016277.394580244 0.94254 -0.119824 0.679911 -0.0124307 0.013815 0.015551 0.999706
1647016277.482070084 0.935245 -0.12353 0.682163 -0.0123289 0.0141698 0.0140567 0.999725
1647016277.565510777 0.923956 -0.134763 0.679066 -0.0123394 0.0137504 0.0139524 0.999732
1647016277.653424241 0.917504 -0.14061 0.683288 -0.0130477 0.0144376 0.0138634 0.999715
1647016277.742624723 0.907059 -0.152407 0.682788 -0.0130331 0.0139857 0.0141942 0.999716
1647016277.826615483 0.898468 -0.159646 0.682589 -0.0136299 0.0138617 0.0133175 0.999722
1647016277.915661086 0.895165 -0.170344 0.683336 -0.0132626 0.0145006 0.0139721 0.999709
1647016278.005456503 0.882509 -0.176109 0.679394 -0.0129558 0.0132615 0.0127523 0.999747
1647016278.095433261 0.873626 -0.182313 0.682759 -0.0138013 0.0138524 0.0122023 0.999734
1647016278.185521734 0.863646 -0.192324 0.683303 -0.0149293 0.0138908 0.0125489 0.999713
1647016278.276024647 0.856271 -0.203085 0.685424 -0.013852 0.0145477 0.0125937 0.999719
1647016278.365273251 0.851721 -0.222178 0.684405 -0.0125286 0.0148242 0.0139548 0.999714
1647016278.454545885 0.840547 -0.22395 0.686493 -0.0148334 0.0146213 0.0132118 0.999696
1647016278.542111110 0.829735 -0.236226 0.689319 -0.0148138 0.014895 0.013738 0.999685
1647016278.635235800 0.823344 -0.25142 0.688066 -0.0123313 0.014965 0.0140304 0.999714
1647016278.723060491 0.816155 -0.239637 0.684735 -0.0160769 0.0139001 0.010945 0.999714
1647016278.814743798 0.803295 -0.254514 0.695554 -0.0159227 0.0156567 0.0119626 0.999679
1647016278.901997133 0.806908 -0.248879 0.665532 -0.00973661 0.0115181 0.00678838 0.999863
1647016278.984564184 0.799437 -0.250146 0.671188 -0.0140354 0.0122714 0.00696589 0.999802
1647016279.070027762 0.788278 -0.260269 0.672017 -0.0139687 0.0118384 0.00695345 0.999808
1647016279.154581527 0.783262 -0.265668 0.671263 -0.0146314 0.0122686 0.00662058 0.999796
1647016279.238540230 0.773854 -0.277084 0.671707 -0.0126819 0.0123923 0.00665866 0.999821
1647016279.321225663 0.767247 -0.283443 0.671431 -0.0128593 0.0120314 0.00639349 0.999824
1647016279.404083181 0.758643 -0.292414 0.671181 -0.0128277 0.0123605 0.00644356 0.999821
1647016279.486016913 0.752826 -0.298956 0.672206 -0.012836 0.0135169 0.00637663 0.999806
1647016279.574298348 0.743503 -0.307197 0.672067 -0.0135494 0.0128082 0.00629575 0.999806
1647016279.659414822 0.737356 -0.314449 0.671906 -0.0122636 0.0129829 0.00634014 0.99982
1647016279.743949062 0.728883 -0.32289 0.672168 -0.0129716 0.013766 0.00625976 0.999802
1647016279.829375069 0.719326 -0.330677 0.673163 -0.0139285 0.0138014 0.00648423 0.999787
1647016279.910757158 0.712448 -0.337476 0.673032 -0.0130194 0.0137647 0.00624117 0.999801
1647016279.993926768 0.703665 -0.345824 0.673837 -0.0137158 0.0142105 0.0064594 0.999784
1647016280.082508638 0.698572 -0.35164 0.673082 -0.0132328 0.0145284 0.00628437 0.999787
1647016280.162671703 0.68953 -0.359399 0.671867 -0.0135422 0.0136627 0.00612702 0.999796
1647016280.244174093 0.682569 -0.364829 0.672821 -0.0133816 0.013875 0.00605499 0.999796
1647016280.328794974 0.673111 -0.373182 0.67307 -0.0136409 0.013869 0.00611763 0.999792
1647016280.411689410 0.668006 -0.378525 0.672402 -0.0133013 0.0142729 0.0061198 0.999791
1647016280.490660913 0.657509 -0.386651 0.672822 -0.0136581 0.0136817 0.00613811 0.999794
1647016280.575546807 0.651943 -0.390879 0.673353 -0.0143794 0.0140927 0.00621265 0.999778
1647016280.660008251 0.644523 -0.39723 0.674678 -0.0137934 0.0144598 0.00625815 0.999781
1647016280.739670470 0.634202 -0.405176 0.676224 -0.0139403 0.0146295 0.00638277 0.999775
1647016280.824431964 0.630595 -0.410079 0.673387 -0.0137756 0.0140646 0.00607165 0.999788
1647016280.903036268 0.620726 -0.4163 0.674933 -0.0145998 0.0142071 0.00638104 0.999772
1647016280.986135709 0.612773 -0.422201 0.67594 -0.014502 0.014256 0.00619681 0.999774
1647016281.065480812 0.603697 -0.428737 0.676848 -0.0152336 0.0142608 0.00643629 0.999762
1647016281.151236629 0.598222 -0.433129 0.67555 -0.0151716 0.0137539 0.00628961 0.999771
1647016281.242050234 0.590486 -0.439894 0.674459 -0.0143917 0.0141481 0.00608346 0.999778
1647016281.327058474 0.583835 -0.444075 0.674959 -0.0149326 0.0138394 0.00614257 0.999774
1647016281.416210310 0.575363 -0.450614 0.675073 -0.0147835 0.0140183 0.00610041 0.999774
1647016281.497468366 0.566389 -0.456747 0.675283 -0.0152232 0.0137117 0.0060625 0.999772
1647016281.579640680 0.553796 -0.448428 0.664033 -0.015794 0.0100546 0.00198055 0.999823
1647016281.662571649 0.550937 -0.467676 0.676562 -0.0152411 0.013892 0.0062567 0.999768
1647016281.743043497 0.546002 -0.472051 0.67552 -0.014428 0.0135815 0.0059984 0.999786
1647016281.827046705 0.536875 -0.478106 0.676559 -0.0152662 0.0137449 0.00606767 0.999771
1647016281.911215382 0.531377 -0.481483 0.675511 -0.0147425 0.0135316 0.00570587 0.999783
1647016281.993537391 0.522978 -0.488131 0.676273 -0.014877 0.013873 0.00604797 0.999775
1647016282.079463940 0.516507 -0.492543 0.677408 -0.0148778 0.0137871 0.0060703 0.999776
1647016282.164204466 0.50491 -0.488543 0.662995 -0.0141791 0.0101133 0.00302751 0.999844
1647016282.249902541 0.502432 -0.501297 0.676862 -0.0149313 0.0136864 0.00582705 0.999778
1647016282.331059206 0.493599 -0.507352 0.676515 -0.0143727 0.0135907 0.00573193 0.999788
1647016282.414296019 0.482374 -0.495996 0.665287 -0.0155133 0.0100814 0.00171951 0.999827
1647016282.501445078 0.480875 -0.515969 0.675926 -0.014128 0.0138648 0.00579165 0.999787
1647016282.586310498 0.475094 -0.518749 0.676756 -0.0143588 0.0142065 0.00564516 0.99978
1647016282.666934024 0.465013 -0.522272 0.67918 -0.0157437 0.0141093 0.00581369 0.99976
1647016282.753738256 0.455503 -0.512532 0.662666 -0.0144538 0.00982343 0.00179223 0.999846
1647016282.841961671 0.451658 -0.530901 0.678198 -0.0142503 0.0140235 0.00570387 0.999784
1647016282.929698216 0.442224 -0.517741 0.663966 -0.0141581 0.0104473 0.00118565 0.999844
1647016283.012186537 0.429291 -0.518049 0.666005 -0.0156021 0.0102894 -1.81109e-05 0.999825
1647016283.094295321 0.433261 -0.540686 0.675024 -0.0134225 0.01413 0.00534496 0.999796
1647016283.176133317 0.422425 -0.544827 0.680369 -0.0144805 0.0144496 0.00558305 0.999775
1647016283.259391507 0.419486 -0.544329 0.677462 -0.0144569 0.0139406 0.00487989 0.999786
1647016283.344106676 0.411207 -0.548121 0.676563 -0.0136042 0.0136205 0.00485005 0.999803
1647016283.426900136 0.397082 -0.536522 0.665217 -0.014354 0.0102794 0.000680082 0.999844
1647016283.509097334 0.400307 -0.556574 0.678087 -0.0126692 0.0149311 0.0053182 0.999794
1647016283.593108521 0.39109 -0.55702 0.679841 -0.0139467 0.0146606 0.00502471 0.999783
1647016283.675895513 0.381292 -0.559565 0.681904 -0.0146963 0.0146757 0.0050734 0.999771
1647016283.758304347 0.371493 -0.544997 0.666066 -0.0138778 0.0105655 0.000354564 0.999848
1647016283.847884583 0.36764 -0.548795 0.661648 -0.012729 0.0102759 0.000716805 0.999866
1647016283.930014200 0.358022 -0.550014 0.667105 -0.0138977 0.0110809 0.000659022 0.999842
1647016284.009230576 0.346717 -0.543426 0.668677 -0.0147901 0.0106951 -0.00152108 0.999832
1647016284.092750664 0.348717 -0.551043 0.664514 -0.0141442 0.0105883 0.000537698 0.999844
1647016284.172106838 0.347314 -0.568809 0.676545 -0.0122067 0.0145929 0.00420301 0.99981
1647016284.256552967 0.33667 -0.569287 0.682973 -0.0145789 0.0148315 0.00450153 0.999774
1647016284.345893127 0.328672 -0.557803 0.665508 -0.0137603 0.0107542 0.00125089 0.999847
1647016284.426020882 0.321005 -0.572774 0.682539 -0.0138171 0.0141711 0.00449037 0.999794
1647016284.510707556 0.314044 -0.561801 0.667352 -0.0136624 0.0105935 0.00145945 0.999849
1647016284.589837877 0.314699 -0.564395 0.662299 -0.0129816 0.00980244 0.00230461 0.999865
1647016284.671831465 0.303254 -0.560056 0.66496 -0.0132475 0.00993686 0.000709809 0.999863
1647016284.757050560 0.306365 -0.562579 0.657619 -0.011572 0.00933062 0.00169515 0.999888
1647016284.839383278 0.298939 -0.56086 0.656325 -0.0108326 0.00932594 0.000835111 0.999897
1647016284.922595826 0.289622 -0.555671 0.661254 -0.0118503 0.0103274 -0.000709894 0.999876
1647016285.005937492 0.279817 -0.557651 0.666193 -0.0129462 0.0110297 -0.000100382 0.999855
1647016285.089431525 0.272794 -0.556983 0.665818 -0.0135361 0.0105927 -0.000266786 0.999852
1647016285.175376827 0.268119 -0.556675 0.66892 -0.013912 0.0116473 6.32026e-06 0.999835
1647016285.256175874 0.271245 -0.56036 0.659525 -0.0111752 0.0104507 0.000997298 0.999882
1647016285.336135158 0.257129 -0.558514 0.665371 -0.0136523 0.0103692 0.00102742 0.999853
1647016285.419603929 0.250205 -0.56017 0.669318 -0.0139613 0.0110048 0.00141808 0.999841
1647016285.506538881 0.244279 -0.555912 0.666833 -0.0141255 0.0101586 0.000858723 0.999848
1647016285.591727978 0.244518 -0.551941 0.66298 -0.0122411 0.0101866 -0.000255863 0.999873
1647016285.678652762 0.238038 -0.557106 0.663662 -0.0128924 0.00987389 0.00156771 0.999867
1647016285.763648353 0.226169 -0.551628 0.668257 -0.0144285 0.0102473 0.000669644 0.999843
1647016285.853370735 0.228124 -0.549407 0.662576 -0.0117953 0.0102904 -1.97455e-05 0.999877
1647016285.933993644 0.222308 -0.545732 0.659357 -0.0120137 0.00964585 -0.000553581 0.999881
1647016286.020975923 0.212909 -0.546698 0.667205 -0.0146318 0.010261 0.000412624 0.99984
1647016286.108300592 0.207318 -0.549217 0.6699 -0.0139036 0.0111711 0.00144714 0.99984
1647016286.187432415 0.201638 -0.542094 0.666652 -0.0140669 0.0103483 -6.09219e-05 0.999848
1647016286.269167607 0.201343 -0.542958 0.664111 -0.0136124 0.0101244 0.00107378 0.999856
1647016286.351332792 0.193775 -0.540597 0.666492 -0.0142504 0.0100699 0.00099115 0.999847
1647016286.435197647 0.191838 -0.541201 0.665239 -0.0134266 0.0103698 0.0019958 0.999854
1647016286.522079481 0.18711 -0.537788 0.664373 -0.013027 0.0104055 0.00136768 0.99986
1647016286.609648751 0.175399 -0.52777 0.669397 -0.0149449 0.0108084 -0.00034753 0.99983
1647016286.692730586 0.177835 -0.527278 0.663255 -0.0138018 0.0103191 0.000208896 0.999851
1647016286.782434113 0.171946 -0.525691 0.663085 -0.0120971 0.0107893 6.71277e-05 0.999869
1647016286.863862194 0.15957 -0.517307 0.668894 -0.0159696 0.0106275 -0.000429933 0.999816
1647016286.946775894 0.153867 -0.517797 0.67547 -0.0164469 0.0115268 0.000262444 0.999798
1647016287.028592696 0.152746 -0.514007 0.668772 -0.0145772 0.0110107 9.06611e-05 0.999833
1647016287.109779593 0.146564 -0.509595 0.668513 -0.0150635 0.0106462 -0.000520918 0.99983
1647016287.189683649 0.151686 -0.499468 0.661677 -0.0131095 0.0104798 -0.00256837 0.999856
1647016287.269082738 0.146929 -0.512599 0.679002 -0.0145008 0.0138253 0.00209196 0.999797
1647016287.357901850 0.143343 -0.499152 0.666057 -0.0125798 0.0115298 -0.000836803 0.999854
1647016287.445245411 0.131911 -0.48209 0.665489 -0.0147476 0.0104956 -0.00364343 0.99983
1647016287.538336948 0.128389 -0.49248 0.671469 -0.0149329 0.0114903 -0.00037814 0.999822
1647016287.631519534 0.131026 -0.487733 0.661992 -0.0129395 0.0105006 -0.000410991 0.999861
1647016287.720926965 0.120089 -0.472559 0.665361 -0.0137326 0.0109202 -0.00306484 0.999841
1647016287.809858483 0.117517 -0.478675 0.67082 -0.0147584 0.0119254 0.000140128 0.99982
1647016287.893586956 0.105311 -0.461798 0.671146 -0.0154395 0.0113741 -0.0036017 0.99981
1647016287.977504330 0.105418 -0.457728 0.667463 -0.0138353 0.0110021 -0.00348788 0.999838
1647016288.062473517 0.11974 -0.466064 0.657468 -0.0107235 0.0105896 -0.00033863 0.999886
1647016288.146882559 0.0998294 -0.451328 0.668106 -0.0153211 0.0108897 -0.00192631 0.999821
1647016288.241589275 0.100244 -0.442114 0.662825 -0.0136117 0.0104389 -0.00287492 0.999849
1647016288.333953981 0.095079 -0.44099 0.66546 -0.0146247 0.0107799 -0.00203047 0.999833
1647016288.423084941 0.0874483 -0.43649 0.667187 -0.0144917 0.0106785 -0.00191742 0.999836
1647016288.509525891 0.0974068 -0.435839 0.660749 -0.0117728 0.0108397 -0.000588887 0.999872
1647016288.600551717 0.0786003 -0.422015 0.665749 -0.013558 0.0106616 -0.00321984 0.999846
1647016288.683925837 0.0820874 -0.417264 0.664068 -0.0134808 0.0107364 -0.00234472 0.999849
1647016288.776513357 0.0799632 -0.417146 0.664835 -0.012727 0.0115614 -0.000879898 0.999852
1647016288.865368304 0.0760714 -0.407597 0.665371 -0.0131245 0.0114663 -0.00217599 0.999846
1647016288.952013311 0.0706227 -0.40681 0.671274 -0.0133847 0.0125087 -0.000486209 0.999832
1647016289.045723943 0.0688859 -0.393992 0.665414 -0.0117143 0.0116887 -0.0022928 0.99986
1647016289.138264152 0.0680484 -0.396677 0.664662 -0.0140721 0.0104848 0.000397729 0.999846
1647016289.232924184 0.0677586 -0.383213 0.663627 -0.0109087 0.011342 -0.00195909 0.999874
1647016289.326913506 0.0588235 -0.374487 0.667903 -0.0119033 0.0115994 -0.0022545 0.999859
1647016289.412209776 0.0569817 -0.364386 0.663861 -0.0110956 0.0114273 -0.0030382 0.999869
1647016289.504783051 0.0580402 -0.361777 0.663962 -0.0133526 0.0113279 -0.0016925 0.999845
1647016289.593212142 0.0436147 -0.348263 0.669443 -0.013945 0.01169 -0.00339417 0.999829
1647016289.685066109 0.0442151 -0.338928 0.665989 -0.0144312 0.0108785 -0.00342327 0.999831
1647016289.771173353 0.0397964 -0.338066 0.667806 -0.0132741 0.0112339 -0.00204943 0.999847
1647016289.862845760 0.0383308 -0.331133 0.669274 -0.013382 0.0115088 -0.00240668 0.999841
1647016289.955708290 0.0365315 -0.328633 0.664802 -0.0121785 0.0105896 -0.0011047 0.999869
1647016290.040486365 0.0273497 -0.306485 0.66818 -0.0149627 0.011054 -0.00395184 0.999819
1647016290.133948833 0.0350753 -0.30846 0.670726 -0.0129002 0.0127054 -0.00240862 0.999833
1647016290.225725721 0.0372157 -0.302036 0.667301 -0.0117368 0.0125622 -0.00229417 0.99985
1647016290.310536108 0.0354371 -0.291259 0.664538 -0.0113838 0.0118133 -0.0028147 0.999861
1647016290.396988204 0.0325901 -0.285018 0.662554 -0.0111107 0.0113107 -0.00294629 0.99987
1647016290.489078543 0.0219547 -0.269171 0.666976 -0.0148568 0.0113107 -0.00413904 0.999817
1647016290.582836555 0.0285341 -0.261687 0.665549 -0.0128799 0.0122938 -0.00377317 0.999834
1647016290.675100200 0.0208663 -0.259635 0.667985 -0.0133208 0.0125961 -0.00231429 0.999829
1647016290.766761888 0.0264272 -0.253237 0.664775 -0.0121477 0.0119462 -0.0028215 0.999851
1647016290.861810951 0.0215596 -0.243089 0.660612 -0.0120626 0.0109485 -0.00329291 0.999862
1647016290.953400769 0.0207303 -0.228259 0.665336 -0.0140776 0.0115612 -0.00400168 0.999826
1647016291.044569899 0.0185905 -0.217347 0.664575 -0.0133944 0.0116233 -0.0047232 0.999832
1647016291.138012051 0.0135527 -0.21387 0.661366 -0.0139625 0.0105583 -0.00393817 0.999839
1647016291.232679940 0.0136824 -0.202883 0.663472 -0.0141657 0.0111719 -0.00424721 0.999828
1647016291.323910828 0.0140246 -0.201479 0.666544 -0.0125835 0.0117354 -0.00266913 0.999848
1647016291.415626428 0.00976779 -0.18314 0.664382 -0.0143702 0.0112616 -0.00436765 0.999824
1647016291.504811838 0.0111429 -0.173965 0.661372 -0.0132887 0.0103478 -0.00468523 0.999847
1647016291.598628258 0.0129499 -0.176696 0.662125 -0.0130333 0.0112968 -0.00235941 0.999848
1647016291.692491165 0.00752867 -0.155643 0.663098 -0.0140341 0.0109637 -0.00520899 0.999828
1647016291.783458377 0.0105132 -0.152158 0.663559 -0.0128165 0.0116719 -0.00379482 0.999843
1647016291.871786349 0.0125712 -0.146464 0.659672 -0.0121271 0.0109371 -0.00328924 0.999861
1647016291.962657080 0.00591726 -0.134607 0.661639 -0.0135827 0.0105113 -0.0042932 0.999843
1647016292.055573732 0.0119754 -0.124793 0.663438 -0.0115723 0.0120803 -0.00493007 0.999848
1647016292.145223745 0.00860334 -0.113984 0.663001 -0.0126694 0.0115542 -0.00491295 0.999841
1647016292.231454643 0.00951521 -0.112876 0.660403 -0.0109276 0.0113463 -0.00407904 0.999868
1647016292.319370404 0.0082772 -0.096949 0.662097 -0.0120278 0.0115559 -0.00548266 0.999846
1647016292.411786801 0.0060535 -0.0907096 0.663479 -0.0109965 0.0118935 -0.00494241 0.999857
1647016292.505428281 -0.000726605 -0.0842303 0.671338 -0.0117147 0.0132296 -0.00488899 0.999832
1647016292.595552906 0.000362815 -0.0716487 0.670136 -0.0115118 0.0131499 -0.00564694 0.999831
1647016292.680454802 0.00530444 -0.058907 0.664099 -0.01371 0.012249 -0.00569333 0.999815
1647016292.764870998 0.00629073 -0.0582086 0.662108 -0.0122698 0.0117306 -0.00500552 0.999843
1647016292.845712471 0.00752839 -0.0493225 0.665541 -0.0120017 0.0128344 -0.00488102 0.999834
1647016292.928290478 0.0114533 -0.047811 0.659277 -0.00845955 0.0115813 -0.00486848 0.999885
1647016293.014227941 0.0101886 -0.0336341 0.660264 -0.00982827 0.0118378 -0.00563183 0.999866
1647016293.101694216 0.00872346 -0.016906 0.661078 -0.0123659 0.0118857 -0.00672473 0.99983
1647016293.186638817 0.0100928 -0.014804 0.662755 -0.0112301 0.0121479 -0.00624167 0.999844
1647016293.273950628 0.0139653 -0.00274022 0.657154 -0.0119601 0.0116531 -0.0066129 0.999839
1647016293.359475563 0.0125151 -0.000880282 0.660425 -0.00902309 0.0120973 -0.00650419 0.999865
1647016293.442493562 0.0139016 0.0147448 0.661519 -0.0112166 0.0122374 -0.0072108 0.999836
1647016293.522964640 0.0114595 0.0147903 0.659202 -0.0100034 0.0112564 -0.00614624 0.999868
1647016293.608716666 0.0138524 0.0213125 0.659907 -0.0118765 0.0112202 -0.00480861 0.999855
1647016293.697177442 0.0165377 0.0256505 0.655873 -0.00848771 0.0107503 -0.00610751 0.999888
1647016293.778095427 0.0164466 0.0283186 0.659963 -0.0111503 0.0117186 -0.00621444 0.99985
1647016293.859469461 0.0145313 0.027812 0.660196 -0.0113684 0.0117761 -0.00577386 0.999849
1647016293.942386126 0.0148564 0.0305914 0.6566 -0.011931 0.0110685 -0.00635889 0.999847
1647016294.029230681 0.0153966 0.0279663 0.658832 -0.0106944 0.0113822 -0.00616198 0.999859
1647016294.115988016 0.0135314 0.0242798 0.655351 -0.00922925 0.010499 -0.00561163 0.999887
1647016294.197141679 0.0156095 0.0299473 0.656431 -0.0117669 0.0110331 -0.00625509 0.99985
1647016294.283209526 0.0143265 0.0242289 0.655486 -0.00927804 0.0105232 -0.00570938 0.999885
1647016294.362789143 0.0144009 0.0262367 0.654663 -0.00905776 0.0103773 -0.00619352 0.999886
1647016294.448128006 0.0164838 0.0310407 0.655625 -0.0127258 0.0108935 -0.00628347 0.99984
1647016294.538034462 0.0137351 0.0234096 0.655823 -0.00931073 0.0106245 -0.0054914 0.999885
1647016294.622078954 0.013998 0.0331317 0.65439 -0.0130742 0.0103767 -0.00663857 0.999839
1647016294.703472390 0.0137144 0.0300515 0.6568 -0.0121071 0.0109432 -0.00618757 0.999848
1647016294.787449021 0.0152876 0.0249617 0.654536 -0.00918909 0.0104246 -0.00588429 0.999886
1647016294.875445994 0.014028 0.0270037 0.653529 -0.0116783 0.0101284 -0.00557659 0.999865
1647016294.957726940 0.0160737 0.029513 0.659776 -0.0120575 0.0118218 -0.00610044 0.999839
1647016295.045785376 0.0142474 0.0321862 0.654984 -0.0126698 0.0105082 -0.00659538 0.999843
1647016295.129007449 0.0136022 0.0284012 0.654088 -0.011792 0.0102591 -0.00589046 0.99986
1647016295.219175668 0.0132582 0.0289488 0.654314 -0.0121118 0.010294 -0.00591183 0.999856
1647016295.310839934 0.0131488 0.0299665 0.652689 -0.0120109 0.00991124 -0.00623058 0.999859
1647016295.398105578 0.0127834 0.0248726 0.6565 -0.00987887 0.0107232 -0.00560236 0.999878
1647016295.480817498 0.0141741 0.0246593 0.655623 -0.0101083 0.0106585 -0.00549766 0.999877
1647016295.561898340 0.0148674 0.0259523 0.655064 -0.00971017 0.0105702 -0.00596625 0.999879
1647016295.654037078 0.0136738 0.0229554 0.656113 -0.00961274 0.0107007 -0.00520726 0.999883
1647016295.745989046 0.0139461 0.0258834 0.655542 -0.00981598 0.0105999 -0.00589186 0.999878
1647016295.835654894 0.0147359 0.0247689 0.655833 -0.0100373 0.0107537 -0.00557251 0.999876
1647016295.927493840 0.0143342 0.0233373 0.655814 -0.00997236 0.0107054 -0.00521514 0.999879
1647016296.015544826 0.0140382 0.0240175 0.656105 -0.00925235 0.0107174 -0.00559988 0.999884
1647016296.104251420 0.0139619 0.0276401 0.656358 -0.0101408 0.0108135 -0.00623178 0.999871
1647016296.193361296 0.0136115 0.0232599 0.655163 -0.00983606 0.0105016 -0.00524837 0.999883
1647016296.281958090 0.0143043 0.0278306 0.655873 -0.0101536 0.0107193 -0.00627808 0.999871
1647016296.376766748 0.01462 0.0271639 0.655961 -0.0102378 0.0107559 -0.00607562 0.999871
1647016296.466561616 0.0151543 0.0305643 0.659731 -0.0116033 0.0117131 -0.00648463 0.999843
1647016296.556547377 0.0155304 0.026454 0.655215 -0.0102664 0.0106739 -0.00590538 0.999873
1647016296.643546430 0.01369 0.0316117 0.65467 -0.012564 0.0104093 -0.00645859 0.999846
1647016296.732942051 0.0144584 0.0262836 0.655244 -0.0101215 0.0105905 -0.00590247 0.999875
1647016296.816907222 0.0134151 0.0347686 0.65345 -0.0128579 0.0101242 -0.00717902 0.99984
1647016296.903160908 0.0159385 0.0317011 0.659352 -0.0119967 0.0116995 -0.0066615 0.999837
1647016296.996228610 0.0130357 0.0337797 0.65538 -0.0128101 0.0105245 -0.00691048 0.999839
1647016297.085191812 0.0144087 0.030933 0.655044 -0.0125712 0.0105501 -0.0062942 0.999846
1647016297.178169795 0.0138344 0.0297939 0.654154 -0.0116177 0.0102943 -0.00629092 0.99986
1647016297.269874813 0.015391 0.0246474 0.655082 -0.009997 0.0106195 -0.00553254 0.999878
1647016297.364426208 0.0131775 0.031716 0.655384 -0.0124981 0.0105339 -0.00650461 0.999845
1647016297.457014460 0.0153212 0.0258551 0.65556 -0.0100252 0.0107208 -0.00583542 0.999875
1647016297.546521735 0.0159456 0.0291216 0.658875 -0.0116779 0.0115844 -0.00612115 0.999846
1647016297.631508608 0.0159382 0.0262057 0.65373 -0.01044 0.0103574 -0.005807 0.999875
1647016297.723061484 0.0136976 0.025903 0.656004 -0.00976504 0.0106879 -0.0059206 0.999878
1647016297.816168061 0.0146564 0.0265724 0.655906 -0.00983589 0.0107502 -0.00607167 0.999875
1647016297.904192279 0.0132207 0.0305557 0.653791 -0.0113234 0.0101531 -0.00659955 0.999863
1647016297.997835763 0.0124223 0.0261192 0.656409 -0.00973526 0.0106928 -0.00596365 0.999878
1647016298.088370434 0.0134351 0.0285855 0.654333 -0.0124538 0.0103062 -0.00573661 0.999853
1647016298.179545339 0.0144378 0.0264682 0.65495 -0.00988456 0.0105207 -0.00601821 0.999878
1647016298.264227873 0.0152811 0.0235852 0.655128 -0.00948111 0.0106196 -0.00544736 0.999884
1647016298.354708992 0.0136591 0.0267848 0.656879 -0.0103316 0.0109042 -0.0059352 0.99987
1647016298.445165625 0.0128537 0.0260475 0.656142 -0.010013 0.0106703 -0.00589131 0.999876
1647016298.535547296 0.0146291 0.0265849 0.65519 -0.0100523 0.0105895 -0.00600445 0.999875
1647016298.621223649 0.0151054 0.0302419 0.655223 -0.0106213 0.0106485 -0.00674323 0.999864
1647016298.713580170 0.0141204 0.0262394 0.656138 -0.0101272 0.0107694 -0.00587802 0.999873
1647016298.802078731 0.0147598 0.027715 0.654827 -0.010015 0.0105219 -0.00630917 0.999875
1647016298.895469180 0.0141859 0.0268757 0.653292 -0.0111589 0.010117 -0.005718 0.99987
1647016298.986386701 0.0133276 0.0322695 0.654165 -0.0123996 0.0102716 -0.006686 0.999848
1647016299.077157320 0.0143136 0.0267577 0.656147 -0.0101236 0.0107844 -0.00602238 0.999872
1647016299.167521454 0.0135347 0.0274437 0.656667 -0.0101557 0.0108533 -0.00617902 0.99987
1647016299.251427435 0.0135693 0.0257178 0.655974 -0.00978465 0.0106908 -0.00585493 0.999878
1647016299.344674996 0.0155729 0.0233354 0.654717 -0.00984563 0.0105565 -0.00525669 0.999882
1647016299.436796885 0.0134603 0.0280806 0.654151 -0.011477 0.0102524 -0.00591285 0.999864
1647016299.528012001 0.0140471 0.0354752 0.6547 -0.0131015 0.0104532 -0.00726216 0.999833
1647016299.622840728 0.0131042 0.0257891 0.652415 -0.0112137 0.00982285 -0.00543441 0.999874
1647016299.708497703 0.0142562 0.025912 0.656062 -0.0100513 0.0107549 -0.00583583 0.999875
1647016299.800164348 0.0143408 0.0281116 0.655491 -0.0102666 0.0106552 -0.00632189 0.999871
1647016299.889867162 0.0131873 0.0270262 0.656281 -0.0100793 0.0107305 -0.00610334 0.999873
1647016299.981189833 0.01393 0.0292356 0.656873 -0.010621 0.0109383 -0.00648523 0.999863
1647016300.068835752 0.0151672 0.0307059 0.655094 -0.0124114 0.0106175 -0.00630087 0.999847
1647016300.159215519 0.0152737 0.0296866 0.65367 -0.0124546 0.0102989 -0.00604358 0.999851
1647016300.241503651 0.0135505 0.0277975 0.656751 -0.0100108 0.0108621 -0.00631966 0.999871
1647016300.333701705 0.0143756 0.0287638 0.656962 -0.0104917 0.0109824 -0.00640134 0.999864
1647016300.419862801 0.0139065 0.0308381 0.65389 -0.0124321 0.0102559 -0.00630908 0.99985
1647016300.511031248 0.0143037 0.0282439 0.656182 -0.0100324 0.0107991 -0.00643056 0.999871
1647016300.603344403 0.0140018 0.0291766 0.654031 -0.0118525 0.0102753 -0.00607884 0.999858
1647016300.696685407 0.0147478 0.0271035 0.65552 -0.0098423 0.0106724 -0.00621496 0.999875
1647016300.781805190 0.0128821 0.0262729 0.656694 -0.00987426 0.0108016 -0.00597544 0.999875
1647016300.867075522 0.0133465 0.0328203 0.655135 -0.0126128 0.010489 -0.0067347 0.999843
1647016300.959468004 0.0140762 0.0287423 0.657001 -0.0102084 0.0109702 -0.0065029 0.999867
1647016301.048251389 0.0133978 0.0302385 0.652981 -0.0115839 0.00998669 -0.00642788 0.999862
1647016301.136369969 0.014598 0.032746 0.654783 -0.0126481 0.0105056 -0.00672975 0.999842
1647016301.220700670 0.0155987 0.0303587 0.659725 -0.0116158 0.011745 -0.00643623 0.999843
1647016301.312186352 0.014019 0.0292502 0.656765 -0.0105051 0.0109213 -0.00651539 0.999864
1647016301.396612197 0.012769 0.0314405 0.655355 -0.0124976 0.0105059 -0.00644026 0.999846
1647016301.490998003 0.0140459 0.0303035 0.655045 -0.0126511 0.0105225 -0.00610986 0.999846
1647016301.581914512 0.0137094 0.0318088 0.654556 -0.0129423 0.010389 -0.0063908 0.999842
1647016301.667484377 0.0125798 0.0328106 0.654757 -0.0124146 0.0103553 -0.00681411 0.999846
1647016301.760812645 0.0153006 0.0279895 0.654174 -0.0101364 0.0104111 -0.00634806 0.999874
1647016301.842982812 0.0133966 0.033415 0.65495 -0.0130299 0.0104762 -0.0067773 0.999837
1647016301.935963644 0.0130676 0.0317303 0.654397 -0.0123443 0.0103053 -0.00656383 0.999849
1647016302.028943829 0.0142994 0.0305219 0.653183 -0.0124728 0.0101197 -0.00623914 0.999852
1647016302.120980190 0.0132299 0.0247907 0.65447 -0.0112792 0.0103077 -0.00515348 0.99987
1647016302.213160830 0.0132947 0.0250496 0.656292 -0.00991573 0.0107378 -0.00564896 0.999877
1647016302.304276841 0.0140553 0.0272023 0.656144 -0.0100687 0.0107715 -0.00615597 0.999872
1647016302.390145841 0.0141638 0.0308017 0.655104 -0.0124834 0.0105435 -0.00629766 0.999847
1647016302.480050802 0.0148607 0.0268718 0.654689 -0.0101812 0.0104987 -0.00603977 0.999875
1647016302.569680364 0.0141389 0.0274824 0.656184 -0.00973857 0.0107735 -0.00632443 0.999875
1647016302.662616969 0.0142212 0.0320962 0.654869 -0.0128081 0.0105096 -0.00651002 0.999842
1647016302.755738072 0.0125293 0.0276162 0.656991 -0.0101409 0.0108473 -0.00623344 0.99987
1647016302.840231219 0.0144797 0.0301394 0.653929 -0.0125624 0.0103115 -0.00612205 0.999849
1647016302.925897002 0.0133914 0.0311429 0.655234 -0.01239 0.0105192 -0.00640645 0.999847
1647016303.015742384 0.012497 0.0300736 0.655463 -0.0124917 0.0105044 -0.00609718 0.999848
1647016303.107066586 0.0152243 0.0281365 0.655505 -0.0101854 0.010714 -0.00636066 0.99987
1647016303.198984501 0.0139035 0.0359732 0.654457 -0.0130018 0.0103917 -0.00742189 0.999834
1647016303.290370176 0.0142292 0.0270634 0.65673 -0.0103329 0.0109121 -0.00602321 0.999869
1647016303.376827849 0.0152973 0.0282489 0.655776 -0.0104196 0.0107818 -0.00630159 0.999868
1647016303.458442365 0.0148709 0.0286426 0.65597 -0.0105784 0.0107947 -0.00635085 0.999866
1647016303.548403699 0.0134737 0.0284339 0.656349 -0.0102632 0.0107721 -0.0063845 0.999869
1647016303.632283552 0.0137052 0.0301474 0.654596 -0.0126991 0.0103908 -0.00604328 0.999847
1647016303.721425850 0.0144558 0.0351181 0.653994 -0.0127792 0.0103273 -0.00727241 0.999839
1647016303.811516941 0.0148964 0.0285972 0.655083 -0.0102109 0.0105854 -0.00647056 0.999871
1647016303.899148270 0.0145542 0.0242264 0.655417 -0.00969751 0.0106362 -0.00551946 0.999881
1647016303.983982849 0.0145781 0.025401 0.656422 -0.0103018 0.0108686 -0.00562431 0.999872
1647016304.070957189 0.0141891 0.0277228 0.655477 -0.00984081 0.0106272 -0.00635231 0.999875
1647016304.160637545 0.0158813 0.0318854 0.660368 -0.0119945 0.0119185 -0.00667577 0.999835
1647016304.249620371 0.0144539 0.0227964 0.655439 -0.00954424 0.0106249 -0.00522086 0.999884
1647016304.340148301 0.0130647 0.0286715 0.655077 -0.0121019 0.0104495 -0.00588315 0.999855
1647016304.425236270 0.0134729 0.0305954 0.654986 -0.0125785 0.010473 -0.0062002 0.999847
1647016304.509865177 0.0140093 0.0332749 0.654852 -0.0129112 0.0104806 -0.00677483 0.999839
1647016304.596891038 0.0144247 0.0263731 0.652724 -0.0115699 0.0100008 -0.00549227 0.999868
1647016304.688200578 0.0138538 0.0326274 0.654368 -0.0123911 0.0103557 -0.00677767 0.999847
1647016304.778442583 0.0135961 0.0323682 0.654141 -0.0124803 0.0102856 -0.00667453 0.999847
1647016304.870043846 0.01401 0.0332112 0.654625 -0.01269 0.0104397 -0.00683739 0.999842
1647016304.960673163 0.0146102 0.0250798 0.655657 -0.00991355 0.0106975 -0.0056819 0.999877
