   0.0186922
 -0.00225299
 -0.00991855
   0.0196451
 0.000755616
 -0.00851684
   0.0194257
-0.000809754
  -0.0109037
    0.020801
  0.00158954
  -0.0103206
   0.0201152
 -0.00170507
  -0.0104457
   0.0203369
 1.35857e-05
  -0.0114056
    0.019957
 -0.00194272
 -0.00888109
   0.0208791
 -0.00146663
  -0.0105713
   0.0198755
 0.000398983
  -0.0105228
   0.0212535
 -0.00189593
  -0.0108713
   0.0241888
 -0.00221235
  -0.0119889
   0.0196341
-0.000785042
 -0.00957945
   0.0182742
 -0.00236541
 -0.00768765
   0.0217939
 -0.00264988
  -0.0106101
   0.0187255
 -0.00141229
 -0.00905086
   0.0182847
  -0.0036834
 -0.00756811
   0.0186028
 -0.00274875
 -0.00820268
   0.0189108
 -0.00352192
 -0.00915754
   0.0199208
 -0.00205199
  -0.0107944
   0.0190019
 -0.00370228
 -0.00988654
   0.0180852
 -0.00376664
 -0.00792526
   0.0166153
 -0.00418648
 -0.00836217
   0.0178065
 -0.00326528
 -0.00781608
   0.0205711
 -0.00319285
 -0.00959089
   0.0168797
 -0.00373124
 -0.00909431
   0.0175941
 -0.00444801
 -0.00827941
   0.0170076
 -0.00435414
 -0.00757529
   0.0174592
 -0.00411583
 -0.00774019
    0.019156
 -0.00485405
 -0.00929466
   0.0188175
 -0.00612099
 -0.00921685
   0.0180582
  -0.0034308
  -0.0100069
   0.0153852
 -0.00499512
  -0.0102613
   0.0157713
 -0.00614266
 -0.00649549
   0.0129669
 -0.00734136
 -0.00770118
   0.0156138
  -0.0051636
  -0.0095031
   0.0169464
 -0.00550275
 -0.00784858
   0.0158159
 -0.00666948
 -0.00591574
   0.0177661
 -0.00664093
 -0.00968427
   0.0149787
 -0.00528179
 -0.00788807
   0.0158722
 -0.00474772
 -0.00757121
   0.0166649
 -0.00592628
 -0.00831603
   0.0153627
 -0.00666824
 -0.00635926
   0.0160751
 -0.00639901
 -0.00855898
   0.0141442
 -0.00626516
 -0.00704227
   0.0158134
 -0.00468013
 -0.00837463
   0.0150427
 -0.00505567
 -0.00639604
   0.0180611
 -0.00490437
  -0.0101466
   0.0145385
 -0.00624496
 -0.00791179
   0.0118736
 -0.00905439
 -0.00510693
   0.0141753
 -0.00768831
 -0.00549693
   0.0161404
 -0.00816977
 -0.00947124
   0.0148689
 -0.00541723
 -0.00738864
   0.0153111
  -0.0075953
 -0.00911042
   0.0153409
 -0.00672495
 -0.00763421
   0.0175378
  -0.0071075
 -0.00961924
   0.0139212
 -0.00801754
 -0.00859135
   0.0167269
 -0.00632605
 -0.00788363
    0.013976
 -0.00805372
 -0.00907266
   0.0133631
 -0.00688007
 -0.00746904
   0.0127548
  -0.0086312
 -0.00710021
    0.013813
  -0.0077076
 -0.00873816
   0.0129981
 -0.00724161
 -0.00752379
   0.0138615
 -0.00673082
 -0.00847318
   0.0153786
 -0.00932002
 -0.00948165
   0.0157952
 -0.00830919
 -0.00880232
   0.0130987
 -0.00846544
 -0.00887558
   0.0130434
 -0.00869286
 -0.00815507
   0.0139087
 -0.00690314
 -0.00736113
   0.0143691
 -0.00941905
 -0.00860354
   0.0121912
 -0.00883955
 -0.00760134
   0.0135798
 -0.00712454
 -0.00746228
   0.0114833
  -0.0090405
 -0.00614972
   0.0133156
 -0.00742182
 -0.00825074
   0.0147971
 -0.00934276
 -0.00861027
   0.0128368
 -0.00843418
 -0.00670738
   0.0117579
 -0.00825515
 -0.00729127
    0.012506
 -0.00826329
 -0.00707199
   0.0123687
 -0.00910491
 -0.00605352
   0.0118935
   -0.010727
 -0.00687911
   0.0135778
 -0.00899532
 -0.00831338
   0.0123533
 -0.00845724
 -0.00679453
    0.012934
  -0.0104323
 -0.00736351
   0.0125358
  -0.0086076
 -0.00799908
   0.0120763
 -0.00902095
 -0.00676133
    0.010118
  -0.0102183
 -0.00727423
   0.0107464
  -0.0105048
  -0.0080237
   0.0131766
  -0.0116498
 -0.00698514
  0.00981081
  -0.0111346
 -0.00786056
   0.0123971
 -0.00900042
  -0.0082173
  0.00914514
  -0.0113893
 -0.00678207
   0.0137806
 -0.00973821
 -0.00620503
   0.0100425
   -0.011139
 -0.00711222
   0.0119958
 -0.00827563
 -0.00850102
  0.00990248
  -0.0122045
 -0.00699021
    0.013507
 -0.00932729
 -0.00850948
   0.0129739
  -0.0136149
 -0.00787505
   0.0118065
  -0.0112556
 -0.00772353
   0.0101707
 -0.00993812
 -0.00693764
   0.0113101
  -0.0107749
 -0.00745406
   0.0105963
   -0.011045
 -0.00670351
   0.0105758
  -0.0112926
 -0.00885317
  0.00970864
  -0.0124575
 -0.00699843
    0.010283
  -0.0113565
 -0.00695069
   0.0117805
  -0.0135057
 -0.00808432
   0.0108464
  -0.0106217
 -0.00598664
  0.00969267
  -0.0119917
 -0.00730916
  0.00959492
  -0.0107713
 -0.00745745
   0.0115736
   -0.010794
 -0.00863233
   0.0122344
  -0.0107222
 -0.00775744
  0.00803185
  -0.0166983
  -0.0075924
  0.00930214
  -0.0120431
 -0.00922171
   0.0103995
  -0.0109425
 -0.00672109
   0.0117489
  -0.0138047
  -0.0103709
  0.00823116
   -0.014239
 -0.00686599
   0.0122311
  -0.0122635
 -0.00909957
   0.0115035
  -0.0100273
 -0.00939581
  0.00515842
  -0.0176879
 -0.00846079
  0.00829351
  -0.0121095
 -0.00770541
    0.009956
  -0.0108626
 -0.00546832
   0.0084511
  -0.0119596
 -0.00784924
  0.00870585
    -0.01625
 -0.00951246
  0.00872004
  -0.0167407
 -0.00849738
  0.00889182
   -0.011384
 -0.00792094
  0.00811982
  -0.0145189
 -0.00897101
  0.00793648
  -0.0130751
 -0.00852862
  0.00647473
  -0.0135599
 -0.00795498
  0.00882459
  -0.0127147
 -0.00722064
   0.0097518
  -0.0133243
 -0.00934491
  0.00592947
  -0.0157666
 -0.00792666
  0.00915551
  -0.0120723
 -0.00887415
  0.00672257
  -0.0143121
 -0.00947968
  0.00917685
  -0.0155419
 -0.00914577
  0.00902987
   -0.014802
 -0.00886676
  0.00373626
   -0.017796
  -0.0095087
  0.00771499
  -0.0137199
 -0.00841775
  0.00843859
  -0.0148562
  -0.0096266
  0.00617826
  -0.0141854
 -0.00731124
  0.00849497
  -0.0169449
  -0.0091928
  0.00593328
  -0.0140866
 -0.00870284
  0.00515556
  -0.0154449
 -0.00913182
  0.00922871
  -0.0116584
 -0.00666995
  0.00733685
  -0.0167979
  -0.0086731
  0.00496066
  -0.0180904
 -0.00900331
  0.00607383
  -0.0145544
  -0.0080507
  0.00837517
  -0.0161729
 -0.00815233
  0.00530481
   -0.016517
  -0.0097504
  0.00874519
  -0.0145106
 -0.00768282
  0.00589943
  -0.0158845
  -0.0102727
  0.00668836
  -0.0139519
 -0.00662686
  0.00493109
  -0.0174474
  -0.0086855
  0.00562572
   -0.016697
 -0.00874314
  0.00756276
  -0.0142829
 -0.00896606
  0.00585926
  -0.0173196
  -0.0075288
  0.00318241
  -0.0168713
 -0.00819161
  0.00491297
   -0.016201
 -0.00734474
   0.0050714
  -0.0154284
  -0.0075887
  0.00715637
  -0.0155087
 -0.00975702
  0.00438833
  -0.0195559
  -0.0081289
  0.00489569
  -0.0155096
 -0.00952444
  0.00612473
  -0.0190053
 -0.00785937
  0.00167394
  -0.0214566
 -0.00996195
  0.00501275
  -0.0160416
 -0.00898483
  0.00437379
  -0.0194905
 -0.00889602
  0.00425053
   -0.016759
 -0.00819346
  0.00214505
  -0.0192422
  -0.0091413
   0.0043571
  -0.0162575
 -0.00862601
  0.00470328
  -0.0180001
 -0.00855264
  0.00316882
  -0.0189048
  -0.0110686
   0.0032804
  -0.0204718
 -0.00989119
  0.00386024
  -0.0185808
  -0.0105889
  0.00334787
  -0.0200492
  -0.0101887
  0.00219846
  -0.0181496
 -0.00821861
  0.00380445
  -0.0175744
 -0.00862965
  0.00166559
  -0.0206341
 -0.00956289
  0.00263333
  -0.0187756
 -0.00995354
  0.00199771
  -0.0226941
  -0.0103567
   0.0045023
  -0.0184361
  -0.0109408
-0.000462294
   -0.019789
 -0.00907299
-0.000268698
  -0.0207262
 -0.00995342
  0.00339222
  -0.0166954
 -0.00825527
  0.00128841
  -0.0194286
  -0.0107481
 0.000728607
  -0.0193979
 -0.00926546
-0.000906944
    -0.01986
 -0.00884572
  0.00280452
   -0.017943
 -0.00997083
 0.000431299
  -0.0220747
  -0.0109495
  0.00135946
  -0.0204813
  -0.0111629
 -0.00251365
  -0.0183543
 -0.00844678
 0.000215054
  -0.0206392
 -0.00859841
  0.00243044
   -0.018301
  -0.0104105
 -0.00438476
  -0.0162718
 -0.00878885
 0.000679731
    -0.02091
  -0.0102951
-0.000971556
  -0.0200975
 -0.00941405
  0.00091958
  -0.0199635
  -0.0107391
-0.000692129
  -0.0214512
  -0.0106829
  -0.0020709
  -0.0190477
  -0.0100607
 -0.00202775
  -0.0210176
  -0.0104871
 -0.00244904
  -0.0200617
  -0.0081745
 -0.00118971
  -0.0193484
  -0.0105343
 -0.00149608
  -0.0192616
 -0.00897828
 -0.00313663
   -0.017391
 -0.00983773
-0.000893593
  -0.0202484
 -0.00916848
-0.000794411
  -0.0198126
  -0.0104043
 -0.00490236
  -0.0160704
 -0.00693311
-0.000695467
  -0.0217049
    -0.01208
 -0.00361395
  -0.0189266
 -0.00891855
 -0.00489116
  -0.0187297
 -0.00843897
 -0.00210714
   -0.019685
 -0.00923756
 -0.00252819
  -0.0188351
 -0.00999061
 -0.00551367
  -0.0178766
 -0.00830504
 -0.00415826
  -0.0159926
 -0.00758715
 -0.00300455
  -0.0177598
 -0.00857332
 -0.00354838
  -0.0168238
 -0.00898489
  -0.0047853
   -0.016037
 -0.00604285
 -0.00561666
  -0.0193701
  -0.0103584
 -0.00311422
  -0.0170889
 -0.00972632
 -0.00571179
  -0.0154414
 -0.00648863
  -0.0052247
  -0.0170364
 -0.00774737
 -0.00562119
  -0.0176706
 -0.00858923
 -0.00471926
  -0.0159302
 -0.00839975
 -0.00594664
  -0.0175812
 -0.00783046
 -0.00520658
  -0.0156629
 -0.00903085
   -0.003865
  -0.0231364
  -0.0121558
 -0.00578356
  -0.0148587
 -0.00788017
 -0.00577426
  -0.0148647
 -0.00716265
 -0.00587928
   -0.015254
 -0.00844904
  0.00788069
  -0.0159025
  -0.0119416
 -0.00717747
  -0.0130939
  -0.0077876
   0.0014472
  -0.0359616
 -0.00185215
 -0.00538015
   -0.014626
 -0.00909445
 -0.00673962
  -0.0163062
 -0.00775685
 -0.00536466
  -0.0151455
   -0.008002
 -0.00707507
  -0.0162303
 -0.00927154
  -0.0056982
  -0.0143692
  -0.0080693
  -0.0079093
  -0.0156083
 -0.00692423
 -0.00515342
  -0.0176058
 -0.00919018
 -0.00737047
  -0.0137048
 -0.00774147
  -0.0072453
  -0.0167277
  -0.0078282
  -0.0083828
  -0.0135579
 -0.00774046
 -0.00762105
  -0.0177224
 -0.00930772
  -0.0092653
  -0.0133271
 -0.00597192
 -0.00513709
  -0.0160227
 -0.00865176
 -0.00807643
  -0.0131643
 -0.00965361
 -0.00616741
  -0.0152709
 -0.00881502
 -0.00875998
  -0.0139534
 -0.00956158
 -0.00654459
  -0.0141404
 -0.00826456
 -0.00813246
  -0.0143795
 -0.00839003
 -0.00619721
  -0.0146697
 -0.00713696
 -0.00924253
  -0.0158966
 -0.00864652
 -0.00852215
  -0.0149736
 -0.00912681
 -0.00842845
  -0.0170319
  -0.0086852
 -0.00907874
  -0.0133884
 -0.00755807
 -0.00728917
  -0.0149074
   -0.009042
 -0.00911379
  -0.0112629
  -0.0060838
 -0.00697565
  -0.0144346
 -0.00845441
 -0.00847554
  -0.0125248
 -0.00658656
 -0.00812066
  -0.0122316
 -0.00709219
 -0.00923336
  -0.0131943
 -0.00717248
 -0.00758636
  -0.0134234
 -0.00779196
 -0.00951111
  -0.0118225
 -0.00704189
 -0.00864625
  -0.0126207
 -0.00725259
 -0.00873446
  -0.0124264
 -0.00790258
 -0.00887132
  -0.0113995
  -0.0063451
 -0.00924766
  -0.0118358
 -0.00807991
 -0.00851882
  -0.0141766
  -0.0073963
 -0.00975585
  -0.0113189
 -0.00851234
 -0.00879073
  -0.0115693
 -0.00855168
 -0.00915933
  -0.0139437
 -0.00759437
  -0.0102415
  -0.0131996
 -0.00715198
 -0.00951183
  -0.0113549
 -0.00652207
 -0.00927198
  -0.0117774
 -0.00694282
 -0.00971198
  -0.0130754
 -0.00783988
  -0.0106847
 -0.00994444
 -0.00679101
 -0.00880742
   -0.011745
  -0.0060103
  -0.0108014
  -0.0101674
 -0.00781991
 -0.00919867
  -0.0133309
 -0.00769456
  -0.0101281
   -0.010721
 -0.00586558
  -0.0102171
  -0.0104928
 -0.00666584
  -0.0106086
   -0.010848
  -0.0073656
 -0.00969458
  -0.0108407
 -0.00509805
  -0.0109029
  -0.0138659
 -0.00871894
  -0.0100636
  -0.0106204
 -0.00738003
  -0.0104665
  -0.0116451
 -0.00804033
  -0.0101439
  -0.0113449
 -0.00773617
  -0.0136144
   -0.012367
 -0.00700726
  -0.0109111
  -0.0098629
 -0.00779732
  -0.0109197
  -0.0105131
 -0.00824299
  -0.0107381
  -0.0108335
 -0.00642587
  -0.0124061
  -0.0116484
 -0.00796737
  -0.0118372
 -0.00981927
 -0.00813075
  -0.0106212
  -0.0101023
 -0.00640352
  -0.0108885
 -0.00924635
 -0.00678851
   -0.011584
 -0.00956345
 -0.00757309
  -0.0124497
  -0.0106087
 -0.00885603
 -0.00897861
  -0.0116973
 -0.00656517
    -0.01264
 -0.00839663
 -0.00731851
  -0.0125068
   -0.010581
   -0.007894
  -0.0136231
   -0.010885
 -0.00702877
  -0.0128317
 -0.00826907
 -0.00805374
  -0.0127468
 -0.00935602
 -0.00873926
  -0.0118608
 -0.00858498
 -0.00799205
  -0.0121288
 -0.00982714
 -0.00621761
   -0.013906
 -0.00810266
 -0.00781866
  -0.0116644
   -0.010447
 -0.00727917
  -0.0122404
 -0.00993156
 -0.00827774
  -0.0123606
 -0.00796127
 -0.00661166
  -0.0129128
 -0.00817561
 -0.00766571
  -0.0125322
  -0.0093894
 -0.00660826
  -0.0113928
 -0.00874519
 -0.00776668
  -0.0147077
 -0.00926709
 -0.00859251
  -0.0128289
 -0.00830197
 -0.00822779
  -0.0121424
 -0.00799227
 -0.00807752
  -0.0112135
 -0.00885153
  -0.0069219
   -0.013824
 -0.00799274
 -0.00770362
  -0.0142938
 -0.00852323
 -0.00879469
  -0.0123311
    -0.00895
 -0.00717105
  -0.0139087
 -0.00690961
 -0.00767668
  -0.0128053
 -0.00767827
 -0.00675048
  -0.0132525
 -0.00710893
 -0.00720982
  -0.0138781
  -0.0078547
 -0.00732516
  -0.0136682
 -0.00807095
 -0.00736146
  -0.0134455
 -0.00670123
 -0.00622896
  -0.0151944
 -0.00592351
 -0.00744765
  -0.0131656
 -0.00785232
 -0.00700928
  -0.0136323
 -0.00902534
 -0.00749143
  -0.0161977
 -0.00574303
  -0.0083813
  -0.0139869
 -0.00771451
 -0.00695838
  -0.0141533
 -0.00695848
 -0.00788107
  -0.0145876
  -0.0057137
 -0.00676755
  -0.0128392
 -0.00727654
 -0.00734915
  -0.0141889
 -0.00754452
 -0.00746943
  -0.0151221
 -0.00601387
 -0.00711511
  -0.0140116
 -0.00846577
   -0.007237
  -0.0151236
 -0.00532103
 -0.00713046
  -0.0181189
 -0.00429797
 -0.00838768
  -0.0134089
 -0.00721335
  -0.0070778
   -0.015507
 -0.00558996
 -0.00861874
  -0.0146006
 -0.00584269
 -0.00800367
  -0.0150254
 -0.00595665
 -0.00628836
  -0.0172632
 -0.00575042
 -0.00936231
  -0.0155941
  -0.0051496
 -0.00820657
  -0.0169747
 -0.00611472
 -0.00801247
   -0.015297
 -0.00648904
 -0.00688629
  -0.0143907
 -0.00581074
 -0.00838985
  -0.0169886
 -0.00507402
 -0.00704341
  -0.0148557
 -0.00555944
 -0.00863513
  -0.0161679
  -0.0061245
 -0.00930182
  -0.0170106
 -0.00465584
 -0.00907332
  -0.0155603
 -0.00479364
 -0.00839346
  -0.0184764
 -0.00573874
 -0.00778164
  -0.0166412
 -0.00451136
 -0.00767024
  -0.0149987
 -0.00553226
 -0.00707735
  -0.0180862
 -0.00308561
 -0.00849033
  -0.0173804
 -0.00628328
 -0.00896874
  -0.0184079
 -0.00416851
 -0.00860822
  -0.0181189
 -0.00381041
 -0.00868794
  -0.0172421
  -0.0055666
 -0.00895397
  -0.0208371
 -0.00375557
  -0.0096091
  -0.0205781
 -0.00492716
  -0.0115899
  -0.0195655
 -0.00232601
 -0.00907202
  -0.0164483
 -0.00490236
 -0.00892001
  -0.0181795
    -0.00316
 -0.00806958
  -0.0185399
 -0.00345802
  -0.0103449
  -0.0201418
 -0.00164747
  -0.0105421
  -0.0171693
 -0.00298548
 -0.00829584
  -0.0195492
 -0.00247955
 -0.00992064
  -0.0186245
 -0.00354481
 -0.00895063
    -0.01922
  -0.0011425
  -0.0115496
  -0.0198526
-0.000905991
  -0.0104272
  -0.0193973
 -0.00144053
 -0.00914604
  -0.0170209
  -0.0044198
 -0.00935255
  -0.0187121
 -0.00231409
 -0.00905361
  -0.0185478
 -0.00233984
   -0.010707
  -0.0230919
 -0.00101662
  -0.0109728
  -0.0202975
  0.00239515
  -0.0118367
  -0.0177411
 -0.00312757
  -0.0088804
  -0.0210763
  0.00227833
  -0.0106704
  -0.0179489
 -0.00381136
 -0.00949347
  -0.0206622
 0.000748158
 -0.00900803
  -0.0205051
-0.000404358
  -0.0121511
  -0.0188193
  0.00123167
 -0.00843695
  -0.0190654
  -0.0012269
  -0.0073399
  -0.0225892
 0.000915051
  -0.0100626
  -0.0142807
  0.00637627
  -0.0100253
  -0.0184567
  0.00359058
  -0.0109092
  -0.0191118
  0.00106764
  -0.0103425
  -0.0221551
-8.24928e-05
  -0.0107817
  -0.0200119
  0.00308561
  -0.0101736
   -0.020374
  0.00103426
  -0.0105004
  -0.0197371
  0.00173759
 -0.00934046
  -0.0205351
  0.00181437
 -0.00962729
  -0.0191754
  0.00148201
 -0.00940761
  -0.0168543
   0.0033226
 -0.00760335
  -0.0190853
  0.00281715
 -0.00950233
  -0.0188745
  0.00204325
  -0.0084012
  -0.0183139
  0.00380611
 -0.00947799
  -0.0184035
  0.00188541
  -0.0078782
  -0.0178786
  0.00354767
  -0.0080917
  -0.0166242
  0.00484753
 -0.00908978
  -0.0177893
    0.005301
 -0.00889216
  -0.0176089
  0.00319958
 -0.00858533
  -0.0186803
  0.00262165
 -0.00984923
  -0.0196513
  0.00321817
 -0.00792364
  -0.0171253
  0.00547504
 -0.00757171
  -0.0178941
  0.00278807
 -0.00899275
  -0.0163488
  0.00427723
 -0.00741062
  -0.0159024
  0.00426817
 -0.00896499
  -0.0165984
  0.00538874
 -0.00808527
  -0.0172511
   0.0057745
  -0.0083912
   -0.015146
  0.00505257
 -0.00811168
  -0.0152103
    0.005898
 -0.00764807
  -0.0175721
  0.00414944
 -0.00833007
  -0.0169792
  0.00475264
 -0.00808241
  -0.0156978
  0.00616503
 -0.00764527
   -0.016835
  0.00578308
 -0.00813135
  -0.0145046
  0.00660491
 -0.00756522
  -0.0153064
  0.00582981
 -0.00707416
  -0.0185012
  0.00503206
 -0.00915501
  -0.0161049
   0.0054543
 -0.00937611
  -0.0141906
  0.00607729
 -0.00708656
  -0.0148418
  0.00666904
 -0.00900832
  -0.0182667
  0.00705242
 -0.00869733
   -0.018361
   0.0048604
 -0.00910884
  -0.0161588
   0.0059576
 -0.00919083
  -0.0153669
   0.0075829
 -0.00758015
  -0.0146649
  0.00565028
 -0.00752397
  -0.0150716
  0.00674105
 -0.00803404
  -0.0139404
   0.0070684
 -0.00817093
  -0.0162244
  0.00617576
 -0.00841811
  -0.0148335
    0.006531
 -0.00793599
  -0.0129507
  0.00705194
 -0.00739162
  -0.0153976
  0.00775719
 -0.00884825
  -0.0146468
   0.0067122
  -0.0105977
  -0.0146938
  0.00763512
 -0.00806527
   -0.014102
  0.00746512
 -0.00843292
  -0.0145079
  0.00697899
 -0.00894314
  -0.0154908
  0.00595665
 -0.00758077
  -0.0131541
  0.00858355
 -0.00775238
  -0.0169221
  0.00875211
 -0.00776281
  -0.0144169
  0.00769472
 -0.00932196
  -0.0135354
  0.00739145
 -0.00746955
  -0.0133331
  0.00926518
 -0.00793697
  -0.0131896
  0.00693607
 -0.00861963
  -0.0141282
  0.00663257
 -0.00741805
  -0.0126964
  0.00918174
 -0.00954465
  -0.0151681
  0.00712895
 -0.00940487
   -0.012339
  0.00870204
 -0.00661881
  -0.0138624
  0.00946355
 -0.00770148
   -0.015214
   0.0090189
 -0.00990657
  -0.0159599
  0.00901055
 -0.00893274
  -0.0139486
   0.0109932
 -0.00800999
  -0.0153219
  0.00801373
  -0.0100344
  -0.0125176
  0.00786448
 -0.00699694
  -0.0137233
  0.00974727
 -0.00610424
  -0.0118871
  0.00871921
 -0.00704826
  -0.0171686
    0.012394
 -0.00960539
  -0.0130064
   0.0103199
 -0.00860616
  -0.0145469
  0.00861239
 -0.00797792
    -0.01105
  0.00913167
 -0.00674923
  -0.0106256
   0.0100539
 -0.00534821
  -0.0113305
  0.00944853
 -0.00834712
   -0.012989
   0.0099299
  -0.0073898
  -0.0115258
  0.00937724
 -0.00819644
  -0.0122846
   0.0099988
 -0.00675382
  -0.0114634
   0.0106006
 -0.00772585
   -0.011171
  0.00956345
 -0.00707503
  -0.0116539
   0.0111783
 -0.00771328
  -0.0110918
   0.0107543
 -0.00518787
  -0.0131186
   0.0109377
 -0.00919333
   -0.011202
  0.00881624
 -0.00835129
 -0.00936127
   0.0110097
 -0.00594021
  -0.0115415
   0.0115342
 -0.00681962
  -0.0112273
  0.00944805
 -0.00695814
 -0.00986135
   0.0103822
 -0.00647844
 -0.00971138
    0.011096
 -0.00766422
  -0.0110494
  0.00929785
 -0.00724895
  -0.0118992
   0.0111313
 -0.00760998
  -0.0114362
   0.0122354
 -0.00701804
 -0.00828981
   0.0138128
 -0.00807276
  -0.0134852
   0.0123239
 -0.00831356
 -0.00967026
   0.0108459
 -0.00739666
 -0.00844276
   0.0140824
 -0.00881878
 -0.00964403
   0.0114343
 -0.00795158
 -0.00864184
   0.0117145
 -0.00691982
  -0.0111759
   0.0101752
 -0.00758989
  -0.0098455
   0.0126989
 -0.00682713
  -0.0101871
   0.0126069
 -0.00834521
  -0.0106047
    0.010416
 -0.00751378
 -0.00778997
   0.0134795
 -0.00605244
 -0.00886548
   0.0121388
 -0.00725956
   -0.012454
   0.0126145
 -0.00873831
 -0.00824213
    0.014401
 -0.00871017
  -0.0100951
   0.0119271
 -0.00801923
 -0.00895393
   0.0126371
 -0.00853809
  -0.0115494
   0.0106251
 -0.00861886
 -0.00865889
   0.0118158
 -0.00706019
 -0.00541592
   0.0146756
 -0.00725259
  -0.0112867
   0.0106854
  -0.0078481
 -0.00779438
   0.0160704
 -0.00788089
  -0.0132616
   0.0129299
 -0.00913057
 -0.00631547
   0.0147157
 -0.00770565
 -0.00915194
   0.0141797
 -0.00833246
 -0.00944495
   0.0155227
 -0.00817635
  -0.0105284
   0.0116189
  -0.0105555
 -0.00904357
   0.0136116
 -0.00824847
 -0.00695848
   0.0138681
 -0.00623436
 -0.00732613
   0.0147533
 -0.00782677
 -0.00820243
   0.0139308
 -0.00756266
 -0.00735629
   0.0148301
 -0.00800963
 -0.00847912
   0.0129466
 -0.00801995
  -0.0090332
   0.0148759
 -0.00775417
 -0.00676394
   0.0143659
 -0.00825628
 -0.00577724
   0.0147576
 -0.00750603
 -0.00832617
   0.0136793
 -0.00673993
 -0.00672102
   0.0144062
 -0.00936559
 -0.00721622
   0.0131049
 -0.00650109
 -0.00767565
   0.0129173
 -0.00719054
 -0.00617003
   0.0153019
 -0.00805601
 -0.00757837
   0.0155344
 -0.00738187
 -0.00211358
   0.0191183
 -0.00771572
 -0.00761127
   0.0139616
 -0.00910643
 -0.00707197
   0.0130055
 -0.00644566
 -0.00725091
   0.0171809
 -0.00861481
 -0.00308919
   0.0170636
  -0.0080665
 -0.00949216
   0.0140617
 -0.00764819
 -0.00700796
   0.0158491
 -0.00803896
 -0.00456381
   0.0157037
 -0.00879177
 -0.00928545
   0.0135829
 -0.00630553
 -0.00528407
   0.0177455
 -0.00985167
 -0.00629985
   0.0154033
  -0.0071422
 -0.00850213
   0.0171885
 -0.00870326
 -0.00389576
   0.0184097
  -0.0097395
 -0.00385368
   0.0180733
 -0.00809988
 -0.00570643
    0.014534
 -0.00758066
 -0.00653303
   0.0138636
 -0.00752147
 -0.00320876
   0.0170951
 -0.00872662
 -0.00681233
   0.0156734
 -0.00827208
 -0.00252581
   0.0195601
 -0.00961933
 -0.00571203
   0.0173626
 -0.00886276
 -0.00511396
    0.016721
 -0.00838515
 -0.00316536
   0.0170276
 -0.00899658
 -0.00372934
   0.0186601
 -0.00866762
 -0.00641799
   0.0179951
 -0.00927034
 -0.00557351
   0.0162187
  -0.0100209
 -0.00329769
   0.0187418
 -0.00944254
 -0.00455821
    0.016232
 -0.00906298
 -0.00231075
   0.0185394
 -0.00983403
 -0.00492346
   0.0170438
 -0.00962422
 -0.00466549
   0.0162742
 -0.00721414
 -0.00498033
   0.0187876
 -0.00810155
 -0.00167847
   0.0211759
  -0.0114476
 -0.00351357
   0.0177872
 -0.00736214
-0.000615358
   0.0195603
 -0.00943462
 -0.00348592
   0.0200834
  -0.0106501
 -0.00244045
   0.0209932
  -0.0119562
 -0.00120068
   0.0188899
 -0.00955031
 -0.00417852
   0.0164409
 -0.00769402
 -0.00162601
   0.0222559
  -0.0104325
-0.000621796
   0.0213664
  -0.0104185
 0.000809431
   0.0192988
 -0.00980757
 -0.00436854
   0.0164263
 -0.00799813
 0.000891209
   0.0203004
 -0.00955007
-0.000525713
   0.0207143
  -0.0100823
 -0.00272655
   0.0189836
 -0.00940386
 0.000533819
   0.0203412
 -0.00985132
 -0.00143337
   0.0234921
 -0.00970135
  0.00342441
   0.0178907
  -0.0091894
-0.000984192
   0.0208037
  -0.0101138
 -0.00179243
   0.0212865
 -0.00948147
-0.000253201
   0.0228715
  -0.0117768
  0.00140619
   0.0200382
 -0.00858673
  0.00172377
    0.019631
 -0.00899002
  0.00067091
   0.0201256
  -0.0113598
-0.000239849
   0.0207214
  -0.0112357
 0.000516891
   0.0217717
  -0.0102417
 0.000745296
   0.0195876
 -0.00784197
   0.0033071
   0.0188206
  -0.0102779
  0.00120902
   0.0217786
 -0.00911817
  0.00285721
   0.0180033
 -0.00997887
  0.00255799
   0.0192844
 -0.00929919
  0.00112104
   0.0197054
 -0.00770285
  0.00417209
   0.0168753
 -0.00877788
  0.00261497
   0.0209819
 -0.00856319
  0.00282741
   0.0190828
  -0.0103224
  0.00360394
   0.0167413
 -0.00847968
  0.00408077
   0.0161995
 -0.00660427
  0.00107872
   0.0192305
 -0.00981442
  0.00500596
   0.0190711
 -0.00836899
  0.00210845
   0.0184469
 -0.00913188
  0.00505865
   0.0182486
 -0.00840607
  0.00445437
    0.016089
 -0.00897112
  0.00336766
   0.0187218
 -0.00791051
  0.00400138
   0.0210663
  -0.0109396
  0.00540662
   0.0170668
  -0.0108512
  0.00560832
   0.0184743
 -0.00871751
  0.00475001
   0.0162429
  -0.0105849
   0.0032866
   0.0168283
 -0.00769927
  0.00648069
   0.0144855
 -0.00760003
  0.00488305
   0.0166289
 -0.00867113
  0.00441658
   0.0196623
  -0.0112324
  0.00505173
   0.0152783
  -0.0098503
  0.00611877
   0.0141399
 -0.00529701
  0.00669718
   0.0134249
 -0.00587017
  0.00495553
    0.018451
  -0.0112371
  0.00457788
   0.0162079
 -0.00737603
  0.00637388
   0.0148183
 -0.00825962
  0.00623202
   0.0141392
 -0.00736506
  0.00539923
   0.0148873
 -0.00815936
  0.00394893
   0.0166501
 -0.00843295
  0.00667048
   0.0147928
 -0.00898686
  0.00645638
   0.0155745
 -0.00859305
  0.00823855
   0.0132335
 -0.00992833
  0.00591886
   0.0173018
 -0.00747289
    0.007231
   0.0146828
 -0.00895897
  0.00749862
   0.0131208
 -0.00704141
  0.00610328
   0.0181503
  -0.0102545
  0.00652552
   0.0140908
 -0.00522823
  0.00650954
   0.0148032
 -0.00866112
  0.00636959
   0.0140668
 -0.00630433
  0.00863338
   0.0151088
 -0.00801601
  0.00795102
   0.0122395
   -0.007643
   0.0054059
    0.016531
 -0.00750275
  0.00727916
    0.014379
 -0.00752111
  0.00848019
   0.0168111
 -0.00811961
  0.00645792
   0.0179322
 -0.00951824
  0.00785398
   0.0136863
 -0.00849375
  0.00841296
   0.0124968
 -0.00768824
  0.00651991
   0.0138996
 -0.00750925
  0.00923336
   0.0141507
 -0.00705154
  0.00804865
   0.0140514
 -0.00630302
  0.00595558
   0.0141785
 -0.00578076
  0.00738943
   0.0128568
 -0.00724538
   0.0100843
   0.0111739
 -0.00650294
  0.00726366
   0.0144955
   -0.006907
  0.00997555
   0.0124192
 -0.00698532
  0.00907612
   0.0150641
 -0.00819822
  0.00970745
   0.0133325
 -0.00664808
  0.00729847
   0.0130644
 -0.00727464
  0.00731993
   0.0138805
 -0.00659014
  0.00974202
   0.0110888
 -0.00686951
   0.0103569
   0.0111921
 -0.00702114
  0.00798821
   0.0148363
 -0.00656499
   0.0083642
   0.0139045
 -0.00783285
   0.0105107
   0.0153202
 -0.00727005
  0.00995016
   0.0116102
 -0.00774064
   0.0114861
  0.00878048
 -0.00626106
  0.00566339
     0.01576
 -0.00766595
   0.0107841
   0.0119675
 -0.00750269
  0.00900352
   0.0149107
 -0.00641192
   0.0095998
   0.0108707
 -0.00759443
  0.00929987
   0.0126406
 -0.00533021
   0.0107666
   0.0105089
 -0.00617398
    0.011827
   0.0107446
  -0.0102017
  0.00876594
   0.0133072
 -0.00761135
  0.00980508
    0.014304
 -0.00826498
   0.0136691
  0.00794417
 -0.00705464
  0.00909233
   0.0109125
 -0.00803956
  0.00805593
   0.0125011
 -0.00512744
   0.0131539
   0.0121484
 -0.00781198
  0.00978243
   0.0103695
  -0.0064819
   0.0138067
  0.00805974
 -0.00969551
   0.0128595
   0.0119514
 -0.00622119
   0.0101378
   0.0122815
 -0.00755467
   0.0124524
  0.00994551
 -0.00889984
   0.0112345
     0.01208
 -0.00742151
  0.00845039
   0.0123323
 -0.00788637
    0.012852
  0.00725746
 -0.00624884
   0.0116572
   0.0104558
 -0.00800874
   0.0103967
   0.0103474
 -0.00805607
   0.0107639
  0.00989819
 -0.00821873
    0.013117
   0.0105648
 -0.00630034
   0.0107547
  0.00975296
 -0.00681056
  0.00973284
   0.0104099
 -0.00672497
   0.0116538
  0.00863397
 -0.00632675
   0.0112633
  0.00905949
 -0.00878784
   0.0118773
   0.0100495
 -0.00817098
    0.010922
  0.00982741
 -0.00702967
   0.0132085
    0.009835
   -0.006535
   0.0158211
   0.0128018
  -0.0114522
   0.0156362
  0.00963068
 -0.00951639
    0.011989
   0.0103617
   -0.008289
   0.0110836
   0.0104384
 -0.00604636
   0.0130024
  0.00729132
 -0.00787069
   0.0114787
  0.00887978
 -0.00873801
    0.012315
  0.00848761
 -0.00650324
   0.0151186
   0.0112783
  -0.0102355
   0.0107696
  0.00955769
 -0.00706644
   0.0146457
  0.00818965
 -0.00808754
   0.0134484
  0.00890771
 -0.00661124
  0.00914598
    0.011743
 -0.00695808
   0.0157044
  0.00503093
 -0.00802436
   0.0134009
   0.0118443
 -0.00767591
   0.0155859
  0.00884503
 -0.00769641
   0.0159013
  0.00638956
 -0.00884846
   0.0113552
  0.00990102
 -0.00645329
   0.0162535
  0.00711909
 -0.00942013
   0.0147918
  0.00822148
  -0.0086604
   0.0134976
  0.00720021
 -0.00719471
   0.0130111
   0.0105615
  -0.0086295
   0.0145988
   0.0058298
 -0.00657053
   0.0143772
  0.00638013
 -0.00810816
   0.0158705
  0.00939606
 -0.00804423
   0.0117841
  0.00898512
  -0.0073681
   0.0165379
  0.00853413
  -0.0067134
    0.015301
  0.00616466
 -0.00933424
   0.0170509
  0.00476976
 -0.00755097
    0.011547
  0.00973524
 -0.00707008
   0.0161965
  0.00436065
 -0.00735162
   0.0123089
  0.00899743
 -0.00628613
   0.0166772
   0.0056569
 -0.00727783
   0.0134979
  0.00746684
  -0.0072851
   0.0182466
  0.00498061
 -0.00824361
   0.0149254
  0.00806703
 -0.00956023
   0.0176967
  0.00669007
 -0.00902241
   0.0155447
  0.00665294
 -0.00749009
   0.0130159
  0.00820453
 -0.00723483
   0.0147952
  0.00704246
 -0.00808545
   0.0189868
  0.00326869
 -0.00860885
    0.013772
  0.00896496
 -0.00634069
   0.0180652
   0.0060782
 -0.00877991
   0.0191903
  0.00299601
  -0.0100749
   0.0146391
  0.00683764
 -0.00791748
   0.0198539
  0.00459303
   -0.010201
   0.0147302
  0.00634549
 -0.00859388
   0.0141227
  0.00626307
 -0.00773599
   0.0198517
  0.00355878
 -0.00848174
   0.0197491
  0.00331806
 -0.00989939
   0.0160254
  0.00606592
 -0.00919777
   0.0179003
  0.00477096
 -0.00914794
   0.0175642
  0.00342365
  -0.0103216
   0.0202411
  0.00401608
 -0.00988072
    0.016252
  0.00808516
 -0.00975695
   0.0195062
  0.00272518
 -0.00853285
   0.0168368
  0.00743218
 -0.00929954
   0.0174565
  0.00352047
 -0.00882502
   0.0195652
  0.00406799
 -0.00930055
   0.0185382
  0.00290304
  -0.0101284
   0.0195946
   0.0038959
 -0.00946864
   0.0186663
  0.00242305
 -0.00880176
    0.017933
  0.00612154
  -0.0100252
   0.0195993
 -0.00088164
 -0.00949045
   0.0179552
  0.00362284
 -0.00940723
   0.0173192
  0.00442803
  -0.0105986
    0.016642
 -0.00348657
  -0.0071192
   0.0166726
  0.00357197
 -0.00701627
    0.019863
 0.000831432
 -0.00920104
   0.0218999
 -0.00185376
 -0.00837612
   0.0200554
  0.00296307
 -0.00988234
   0.0150702
  0.00519273
 -0.00923792
   0.0202649
  0.00131997
 -0.00952429
   0.0204825
 -0.00049574
 -0.00819159
   0.0203867
  0.00108925
  -0.0114812
   0.0174666
  0.00421969
 -0.00917907
   0.0218677
 -0.00332134
 -0.00959136
   0.0187945
  0.00131865
 -0.00942044
   0.0212845
  0.00225783
  -0.0100989
   0.0228447
  0.00232543
  -0.0104655
   0.0201581
 -0.00561454
 -0.00790197
   0.0181124
 -0.00313407
 -0.00946268
   0.0167762
  0.00649224
 -0.00931653
   0.0201956
 -0.00497498
 -0.00902159
   0.0192642
  0.00154832
  -0.0112534
   0.0180883
 -0.00302064
 -0.00771814
   0.0188299
  0.00241731
 -0.00910206
   0.0188203
 -0.00318845
  -0.0069817
   0.0220751
 -0.00437008
  -0.0107444
   0.0198909
  0.00126205
 -0.00980322
   0.0207174
 -0.00152817
  -0.0100903
   0.0191861
 -0.00464902
 -0.00999515
   0.0209221
 8.81851e-05
 -0.00941614
   0.0213741
 -0.00439902
  -0.0106626
   0.0220011
 -0.00141767
  -0.0116377
   0.0194986
 -0.00300407
 -0.00846806
   0.0215902
 -0.00624311
 -0.00962747
   0.0220462
  0.00136429
  -0.0132117
   0.0158769
 -0.00879069
 -0.00558209
   0.0236006
 -0.00426584
  -0.0111594
   0.0190533
  -0.0010904
   -0.010661
   0.0145072
 -0.00779229
 -0.00688505
   0.0192366
 -0.00217032
   -0.010787
   0.0184597
 -0.00607083
  -0.0102636
    0.017556
 -0.00334272
 -0.00981065
   0.0175912
 -0.00328644
  -0.0082242
    0.020622
 -0.00814795
  -0.0119961
   0.0228586
 -0.00210128
  -0.0116624
    0.016896
 -0.00361233
 -0.00865257
   0.0209767
 -0.00471364
 -0.00974447
   0.0204197
 -0.00927374
  -0.0100515
   0.0162841
 -0.00470202
  -0.0103681
   0.0142931
  -0.0071958
 -0.00675796
   0.0198561
 -0.00372455
 -0.00972564
   0.0180779
 -0.00543267
  -0.0115006
   0.0163066
 -0.00665151
   -0.010425
   0.0231007
 -0.00557204
  -0.0120006
   0.0207911
 -0.00967056
 -0.00985182
   0.0179319
 -0.00455523
 -0.00714068
   0.0176178
 -0.00495467
  -0.0112437
   0.0144205
 -0.00707316
 -0.00832331
   0.0161987
 -0.00597474
 -0.00729822
   0.0822875
  -0.0822526
  -0.0567727
   -0.113484
   0.0573281
  -0.0044449
    0.481466
   -0.279986
   -0.210781
   0.0118438
 -0.00934425
 -0.00701435
   0.0111446
 -0.00927457
 -0.00757303
   0.0120045
 -0.00810736
 -0.00549365
   0.0118856
 -0.00913835
 -0.00560499
   0.0116235
  -0.0112471
 -0.00715978
   0.0115355
 -0.00976777
 -0.00673039
   0.0119334
 -0.00991893
 -0.00891933
   0.0117588
  -0.0106432
 -0.00781586
    0.010852
  -0.0100275
  -0.0067531
   0.0119697
  -0.0116612
 -0.00798686
   0.0108154
  -0.0103233
 -0.00670589
   0.0106707
  -0.0100127
 -0.00781931
   0.0102558
  -0.0101678
  -0.0081925
   0.0107676
  -0.0107616
 -0.00650759
   0.0135564
  -0.0136583
  -0.0091261
    0.013396
  -0.0104734
 -0.00821283
   0.0083797
  -0.0133439
 -0.00771048
   0.0115986
 -0.00917888
 -0.00786944
   0.0106456
  -0.0107746
   -0.008069
   0.0114043
  -0.0118381
 -0.00822922
   0.0100129
  -0.0106964
 -0.00575049
  0.00856221
   -0.011817
 -0.00810071
   0.0110272
  -0.0113791
 -0.00636006
   0.0116773
  -0.0119225
 -0.00793399
    0.014099
  -0.0124112
 -0.00874045
   0.0102267
  -0.0126247
 -0.00678105
  0.00853813
   -0.011509
 -0.00795653
  0.00879109
  -0.0121352
 -0.00642676
   0.0109146
  -0.0133762
 -0.00816109
   0.0114073
  -0.0136618
 -0.00988845
   0.0103681
  -0.0137156
 -0.00926653
   0.0101082
  -0.0136757
 -0.00928805
  0.00761652
  -0.0129288
 -0.00648267
   0.0107839
  -0.0109754
 -0.00950847
   0.0106322
  -0.0112931
 -0.00761857
  0.00860965
  -0.0114849
 -0.00826349
  0.00565267
  -0.0158622
 -0.00682409
   0.0136565
  -0.0137717
 -0.00799414
  0.00893342
  -0.0114392
 -0.00710358
   0.0107361
  -0.0126936
  -0.0083675
   0.0092169
  -0.0160165
 -0.00818189
  0.00997126
  -0.0115242
 -0.00829651
  0.00709426
  -0.0147169
 -0.00764819
   0.0112444
  -0.0135259
 -0.00820353
   0.0089798
  -0.0154905
 -0.00918886
  0.00718439
  -0.0135998
 -0.00685938
   0.0076462
  -0.0125768
 -0.00691332
  0.00940907
   -0.012223
 -0.00702943
  0.00819755
  -0.0214349
 -0.00997929
   0.0067277
  -0.0149924
 -0.00924889
   0.0107579
  -0.0121763
 -0.00781318
  0.00538445
  -0.0147843
 -0.00586707
  0.00673795
  -0.0157479
  -0.0103111
  0.00998473
  -0.0170543
 -0.00818398
  0.00949359
  -0.0190668
  -0.0106854
  0.00736904
  -0.0165416
 -0.00770827
  0.00724912
  -0.0129552
 -0.00786265
  0.00668156
  -0.0144204
 -0.00682141
   0.0074023
  -0.0127971
 -0.00834312
  0.00722456
  -0.0138592
 -0.00692715
  0.00826573
  -0.0145051
 -0.00797322
  0.00777352
  -0.0165336
 -0.00760021
  0.00680649
  -0.0141718
 -0.00868144
  0.00736237
  -0.0168908
 -0.00853142
  0.00685871
  -0.0162238
 -0.00891575
  0.00746918
  -0.0145558
 -0.00823041
  0.00434458
  -0.0171726
 -0.00906459
   0.0067848
  -0.0144838
 -0.00604732
  0.00649369
  -0.0170418
 -0.00748702
  0.00924838
  -0.0145955
 -0.00888356
  0.00605869
  -0.0159526
 -0.00750561
  0.00342906
  -0.0184593
  -0.0105016
  0.00694513
  -0.0136582
  -0.0097367
  0.00387049
  -0.0206071
 -0.00853964
  0.00724745
  -0.0162807
  -0.0102312
  0.00467491
  -0.0158155
 -0.00731571
  0.00279617
  -0.0193628
 -0.00609745
  0.00773716
  -0.0128134
  -0.0117717
  0.00291491
  -0.0209075
 -0.00763901
  0.00601459
  -0.0149151
 -0.00978354
  0.00540447
   -0.020539
 -0.00859162
  0.00525308
  -0.0176787
 -0.00926796
  0.00205779
  -0.0189236
 -0.00975637
  0.00732207
  -0.0161432
 -0.00734134
  0.00281191
  -0.0202214
 -0.00980953
    0.004457
  -0.0181849
 -0.00930432
  0.00333595
  -0.0196315
 -0.00962476
  0.00386119
  -0.0188372
 -0.00940511
   0.0020833
  -0.0184114
  -0.0098869
  0.00142455
  -0.0205597
  -0.0100859
  0.00289893
  -0.0173367
   -0.010556
  0.00594401
  -0.0143671
 -0.00895301
  0.00158858
  -0.0189073
  -0.0091894
   0.0035584
   -0.018568
 -0.00955275
  0.00202537
  -0.0189321
  -0.0100009
  0.00125813
  -0.0203855
 -0.00974123
  0.00348067
  -0.0193595
 -0.00990079
  0.00278568
  -0.0174838
 -0.00937274
  0.00328016
  -0.0184907
  -0.0103098
 -0.00114107
  -0.0217279
 -0.00893465
  0.00159144
  -0.0192198
 -0.00918302
 -0.00900364
  -0.0183153
  -0.0151107
 0.000565529
  -0.0212802
  -0.0112783
  0.00299215
  -0.0220191
  -0.0100758
 2.90871e-05
  -0.0206177
   -0.011674
 0.000184536
    -0.02004
 -0.00939253
   0.0081985
   0.0219483
 -0.00136977
  0.00150275
  -0.0215797
  -0.0106802
 -0.00251794
  -0.0181499
  -0.0179784
 -0.00681901
  -0.0133398
 -0.00573266
  0.00102186
  -0.0190272
 -0.00851699
 -0.00464964
  -0.0162559
 -0.00650413
  0.00123382
    -0.01947
 -0.00993339
 -0.00291729
  -0.0181761
 -0.00738593
 0.000620365
  -0.0201511
   -0.010228
 -0.00154018
  -0.0201526
 -0.00903812
 -0.00339437
  -0.0181913
 -0.00821968
 -0.00208735
  -0.0196013
   -0.010138
 -0.00134659
   -0.020211
 -0.00997911
 -0.00120425
  -0.0196097
  -0.0102189
 -0.00034976
  -0.0208573
  -0.0100761
 -0.00286937
  -0.0174026
 -0.00845393
 -0.00381804
  -0.0172668
 -0.00662286
 -0.00321198
  -0.0169559
 -0.00798204
 -0.00239706
  -0.0209141
  -0.0112728
 -0.00448704
  -0.0179374
 -0.00791152
  -0.0034523
  -0.0193191
 -0.00989441
 -0.00355506
  -0.0171609
 -0.00934533
  -0.0017848
  -0.0188966
 -0.00974373
 -0.00255966
  -0.0181491
 -0.00870415
 -0.00502753
   -0.017535
 -0.00859078
 -0.00458527
  -0.0170529
 -0.00800409
 -0.00501156
   -0.016551
  -0.0098478
 -0.00375962
  -0.0193436
 -0.00987242
 -0.00517869
  -0.0163274
 -0.00827035
 -0.00432253
  -0.0167966
 -0.00944362
 -0.00421357
  -0.0174448
   -0.008284
 -0.00554252
  -0.0150154
 -0.00641341
 -0.00391722
  -0.0163972
 -0.00749119
 -0.00365448
  -0.0174196
 -0.00891957
  -0.0066663
  -0.0190015
 -0.00979433
 -0.00646758
  -0.0182359
 -0.00865081
 -0.00418568
   -0.017426
  -0.0105263
 -0.00475276
  -0.0173008
 -0.00922397
 -0.00765073
  -0.0143976
 -0.00769617
 -0.00553524
   -0.017767
 -0.00992237
 -0.00522816
  -0.0207446
   -0.011659
 -0.00797582
  -0.0158355
 -0.00898299
 -0.00538337
  -0.0186725
 -0.00916699
 -0.00897539
  -0.0141916
 -0.00743468
 -0.00476456
  -0.0163817
 -0.00967649
 -0.00642407
  -0.0145421
 -0.00735404
 -0.00409174
  -0.0190547
  -0.0104627
 -0.00690532
  -0.0160015
 -0.00780161
  -0.0055151
  -0.0145955
 -0.00713213
 -0.00666428
  -0.0140092
 -0.00683792
 -0.00757623
  -0.0140746
 -0.00809851
 -0.00556242
  -0.0158572
 -0.00716133
 -0.00602877
  -0.0148158
 -0.00730218
 -0.00810766
  -0.0161686
 -0.00833311
  -0.0070591
  -0.0134568
 -0.00709815
 -0.00717711
  -0.0157528
 -0.00797667
 -0.00832605
  -0.0132875
 -0.00706811
 -0.00802159
  -0.0153897
 -0.00838968
 -0.00836313
  -0.0139294
 -0.00841954
 -0.00900459
  -0.0124223
 -0.00943515
 -0.00899518
   -0.016901
 -0.00915739
 -0.00721705
  -0.0149601
 -0.00860986
 -0.00815833
   -0.013921
 -0.00782152
 -0.00896025
  -0.0157046
 -0.00837233
 -0.00829077
  -0.0155625
 -0.00827017
 -0.00719905
  -0.0133672
 -0.00689079
 -0.00856495
  -0.0142932
  -0.0072545
 -0.00831079
  -0.0133476
 -0.00803985
 -0.00749278
  -0.0128427
 -0.00630994
 -0.00833869
  -0.0129671
  -0.0067773
  -0.0090301
  -0.0136638
  -0.0068915
 -0.00742102
  -0.0128269
 -0.00820061
 -0.00878763
  -0.0127597
 -0.00706221
 -0.00844097
  -0.0117917
 -0.00768902
 -0.00980628
  -0.0149543
 -0.00771596
 -0.00785506
  -0.0129623
 -0.00613231
 -0.00918198
  -0.0111043
 -0.00686611
  -0.0117875
  -0.0141301
 -0.00781771
 -0.00974905
   -0.011606
 -0.00773497
 -0.00970447
  -0.0117991
 -0.00907311
  -0.0111945
  -0.0135319
   -0.009545
 -0.00959647
  -0.0127065
 -0.00835469
  -0.0102919
  -0.0110426
 -0.00817009
 -0.00961554
    -0.01232
 -0.00658484
 -0.00980735
  -0.0114951
 -0.00833555
  -0.0108964
  -0.0119555
 -0.00949643
  -0.0113114
  -0.0134945
 -0.00896802
  -0.0104454
  -0.0107281
 -0.00893226
 -0.00895798
  -0.0113528
 -0.00661887
   -0.010573
  -0.0102055
 -0.00694014
  -0.0104227
  -0.0131807
 -0.00958905
 -0.00964677
  -0.0104911
 -0.00724955
  -0.0122802
  -0.0128744
 -0.00783249
  -0.0114877
  -0.0119042
 -0.00722982
